40,-1,783,62,66,83,1,-1,-1,-1
41,-1,783,62,66,83,1,-1,-1,-1
42,-1,783,62,66,83,1,-1,-1,-1
43,-1,803,72,71,80,1,-1,-1,-1
44,-1,803,72,71,80,1,-1,-1,-1
45,-1,803,72,71,80,1,-1,-1,-1
46,-1,844,74,66,74,1,-1,-1,-1
47,-1,844,74,66,74,1,-1,-1,-1
48,-1,844,74,66,74,1,-1,-1,-1
49,-1,862,61,67,81,1,-1,-1,-1
50,-1,862,61,67,81,1,-1,-1,-1
51,-1,862,61,67,81,1,-1,-1,-1
52,-1,883,76,70,81,1,-1,-1,-1
53,-1,883,76,70,81,1,-1,-1,-1
54,-1,883,76,70,81,1,-1,-1,-1
55,-1,892,80,77,84,1,-1,-1,-1
56,-1,892,80,77,84,1,-1,-1,-1
57,-1,892,80,77,84,1,-1,-1,-1
58,-1,891,78,77,82,1,-1,-1,-1
59,-1,891,78,77,82,1,-1,-1,-1
60,-1,891,78,77,82,1,-1,-1,-1
61,-1,902,85,65,72,1,-1,-1,-1
62,-1,902,85,65,72,1,-1,-1,-1
63,-1,902,85,65,72,1,-1,-1,-1
64,-1,913,83,70,82,1,-1,-1,-1
65,-1,913,83,70,82,1,-1,-1,-1
66,-1,913,83,70,82,1,-1,-1,-1
67,-1,920,87,77,92,1,-1,-1,-1
68,-1,920,87,77,92,1,-1,-1,-1
69,-1,920,87,77,92,1,-1,-1,-1
70,-1,936,99,62,89,1,-1,-1,-1
71,-1,936,99,62,89,1,-1,-1,-1
72,-1,936,99,62,89,1,-1,-1,-1
73,-1,947,87,80,96,1,-1,-1,-1
74,-1,947,87,80,96,1,-1,-1,-1
75,-1,947,87,80,96,1,-1,-1,-1
76,-1,953,90,77,93,1,-1,-1,-1
76,-1,789,89,56,68,1,-1,-1,-1
77,-1,953,90,77,93,1,-1,-1,-1
77,-1,789,89,56,68,1,-1,-1,-1
78,-1,953,90,77,93,1,-1,-1,-1
78,-1,789,89,56,68,1,-1,-1,-1
79,-1,950,99,80,96,1,-1,-1,-1
79,-1,812,95,60,75,1,-1,-1,-1
80,-1,950,99,80,96,1,-1,-1,-1
80,-1,812,95,60,75,1,-1,-1,-1
81,-1,950,99,80,96,1,-1,-1,-1
81,-1,812,95,60,75,1,-1,-1,-1
82,-1,832,107,55,68,1,-1,-1,-1
82,-1,947,99,95,101,1,-1,-1,-1
83,-1,832,107,55,68,1,-1,-1,-1
83,-1,947,99,95,101,1,-1,-1,-1
84,-1,832,107,55,68,1,-1,-1,-1
84,-1,947,99,95,101,1,-1,-1,-1
85,-1,948,102,92,97,1,-1,-1,-1
85,-1,848,111,50,69,1,-1,-1,-1
86,-1,948,102,92,97,1,-1,-1,-1
86,-1,848,111,50,69,1,-1,-1,-1
87,-1,948,102,92,97,1,-1,-1,-1
87,-1,848,111,50,69,1,-1,-1,-1
88,-1,954,102,85,100,1,-1,-1,-1
88,-1,848,112,55,81,1,-1,-1,-1
89,-1,954,102,85,100,1,-1,-1,-1
89,-1,848,112,55,81,1,-1,-1,-1
90,-1,954,102,85,100,1,-1,-1,-1
90,-1,848,112,55,81,1,-1,-1,-1
91,-1,856,111,77,81,1,-1,-1,-1
91,-1,968,99,92,104,1,-1,-1,-1
92,-1,856,111,77,81,1,-1,-1,-1
92,-1,968,99,92,104,1,-1,-1,-1
93,-1,856,111,77,81,1,-1,-1,-1
93,-1,968,99,92,104,1,-1,-1,-1
94,-1,987,127,77,100,1,-1,-1,-1
94,-1,868,116,72,76,1,-1,-1,-1
95,-1,987,127,77,100,1,-1,-1,-1
95,-1,868,116,72,76,1,-1,-1,-1
96,-1,987,127,77,100,1,-1,-1,-1
96,-1,868,116,72,76,1,-1,-1,-1
97,-1,1002,134,85,97,1,-1,-1,-1
97,-1,883,115,62,81,1,-1,-1,-1
98,-1,1002,134,85,97,1,-1,-1,-1
98,-1,883,115,62,81,1,-1,-1,-1
99,-1,1002,134,85,97,1,-1,-1,-1
99,-1,883,115,62,81,1,-1,-1,-1
100,-1,1009,136,92,105,1,-1,-1,-1
100,-1,895,122,61,77,1,-1,-1,-1
100,-1,780,109,55,76,1,-1,-1,-1
101,-1,1009,136,92,105,1,-1,-1,-1
101,-1,895,122,61,77,1,-1,-1,-1
101,-1,780,109,55,76,1,-1,-1,-1
102,-1,1009,136,92,105,1,-1,-1,-1
102,-1,895,122,61,77,1,-1,-1,-1
102,-1,780,109,55,76,1,-1,-1,-1
103,-1,1019,126,90,101,1,-1,-1,-1
103,-1,780,96,77,97,1,-1,-1,-1
103,-1,906,117,61,81,1,-1,-1,-1
104,-1,1019,126,90,101,1,-1,-1,-1
104,-1,780,96,77,97,1,-1,-1,-1
104,-1,906,117,61,81,1,-1,-1,-1
105,-1,1019,126,90,101,1,-1,-1,-1
105,-1,780,96,77,97,1,-1,-1,-1
105,-1,906,117,61,81,1,-1,-1,-1
106,-1,1032,150,75,90,1,-1,-1,-1
106,-1,906,118,60,77,1,-1,-1,-1
106,-1,812,102,66,77,1,-1,-1,-1
107,-1,1032,150,75,90,1,-1,-1,-1
107,-1,906,118,60,77,1,-1,-1,-1
107,-1,812,102,66,77,1,-1,-1,-1
108,-1,1032,150,75,90,1,-1,-1,-1
108,-1,906,118,60,77,1,-1,-1,-1
108,-1,812,102,66,77,1,-1,-1,-1
109,-1,828,102,75,85,1,-1,-1,-1
109,-1,1042,157,66,85,1,-1,-1,-1
109,-1,899,124,71,82,1,-1,-1,-1
110,-1,828,102,75,85,1,-1,-1,-1
110,-1,1042,157,66,85,1,-1,-1,-1
110,-1,899,124,71,82,1,-1,-1,-1
111,-1,828,102,75,85,1,-1,-1,-1
111,-1,1042,157,66,85,1,-1,-1,-1
111,-1,899,124,71,82,1,-1,-1,-1
112,-1,839,101,67,84,1,-1,-1,-1
112,-1,883,135,56,80,1,-1,-1,-1
112,-1,1012,149,92,109,1,-1,-1,-1
113,-1,839,101,67,84,1,-1,-1,-1
113,-1,883,135,56,80,1,-1,-1,-1
113,-1,1012,149,92,109,1,-1,-1,-1
114,-1,839,101,67,84,1,-1,-1,-1
114,-1,883,135,56,80,1,-1,-1,-1
114,-1,1012,149,92,109,1,-1,-1,-1
115,-1,1013,149,86,121,1,-1,-1,-1
115,-1,841,111,76,88,1,-1,-1,-1
115,-1,890,140,55,69,1,-1,-1,-1
116,-1,1013,149,86,121,1,-1,-1,-1
116,-1,841,111,76,88,1,-1,-1,-1
116,-1,890,140,55,69,1,-1,-1,-1
117,-1,1013,149,86,121,1,-1,-1,-1
117,-1,841,111,76,88,1,-1,-1,-1
117,-1,890,140,55,69,1,-1,-1,-1
118,-1,858,133,75,97,1,-1,-1,-1
118,-1,1008,148,97,117,1,-1,-1,-1
119,-1,858,133,75,97,1,-1,-1,-1
119,-1,1008,148,97,117,1,-1,-1,-1
120,-1,858,133,75,97,1,-1,-1,-1
120,-1,1008,148,97,117,1,-1,-1,-1
121,-1,1012,149,111,130,1,-1,-1,-1
121,-1,858,136,80,98,1,-1,-1,-1
122,-1,1012,149,111,130,1,-1,-1,-1
122,-1,858,136,80,98,1,-1,-1,-1
123,-1,1012,149,111,130,1,-1,-1,-1
123,-1,858,136,80,98,1,-1,-1,-1
124,-1,1030,169,100,124,1,-1,-1,-1
124,-1,863,154,67,91,1,-1,-1,-1
124,-1,775,115,40,58,1,-1,-1,-1
125,-1,1030,169,100,124,1,-1,-1,-1
125,-1,863,154,67,91,1,-1,-1,-1
125,-1,775,115,40,58,1,-1,-1,-1
126,-1,1030,169,100,124,1,-1,-1,-1
126,-1,863,154,67,91,1,-1,-1,-1
126,-1,775,115,40,58,1,-1,-1,-1
127,-1,1038,180,105,116,1,-1,-1,-1
127,-1,775,100,76,84,1,-1,-1,-1
127,-1,860,152,72,97,1,-1,-1,-1
128,-1,1038,180,105,116,1,-1,-1,-1
128,-1,775,100,76,84,1,-1,-1,-1
128,-1,860,152,72,97,1,-1,-1,-1
129,-1,1038,180,105,116,1,-1,-1,-1
129,-1,775,100,76,84,1,-1,-1,-1
129,-1,860,152,72,97,1,-1,-1,-1
130,-1,1042,171,101,123,1,-1,-1,-1
130,-1,857,148,75,99,1,-1,-1,-1
130,-1,799,116,57,69,1,-1,-1,-1
131,-1,1042,171,101,123,1,-1,-1,-1
131,-1,857,148,75,99,1,-1,-1,-1
131,-1,799,116,57,69,1,-1,-1,-1
132,-1,1042,171,101,123,1,-1,-1,-1
132,-1,857,148,75,99,1,-1,-1,-1
132,-1,799,116,57,69,1,-1,-1,-1
133,-1,854,158,66,100,1,-1,-1,-1
133,-1,1051,185,111,133,1,-1,-1,-1
133,-1,805,117,72,82,1,-1,-1,-1
134,-1,854,158,66,100,1,-1,-1,-1
134,-1,1051,185,111,133,1,-1,-1,-1
134,-1,805,117,72,82,1,-1,-1,-1
135,-1,854,158,66,100,1,-1,-1,-1
135,-1,1051,185,111,133,1,-1,-1,-1
135,-1,805,117,72,82,1,-1,-1,-1
136,-1,1042,204,111,131,1,-1,-1,-1
136,-1,848,157,81,106,1,-1,-1,-1
137,-1,1042,204,111,131,1,-1,-1,-1
137,-1,848,157,81,106,1,-1,-1,-1
138,-1,1042,204,111,131,1,-1,-1,-1
138,-1,848,157,81,106,1,-1,-1,-1
139,-1,1023,202,127,146,1,-1,-1,-1
139,-1,840,166,76,98,1,-1,-1,-1
140,-1,1023,202,127,146,1,-1,-1,-1
140,-1,840,166,76,98,1,-1,-1,-1
141,-1,1023,202,127,146,1,-1,-1,-1
141,-1,840,166,76,98,1,-1,-1,-1
142,-1,1015,188,136,156,1,-1,-1,-1
142,-1,833,164,76,97,1,-1,-1,-1
143,-1,1015,188,136,156,1,-1,-1,-1
143,-1,833,164,76,97,1,-1,-1,-1
144,-1,1015,188,136,156,1,-1,-1,-1
144,-1,833,164,76,97,1,-1,-1,-1
145,-1,1020,204,132,148,1,-1,-1,-1
145,-1,830,175,75,92,1,-1,-1,-1
145,-1,843,120,72,76,1,-1,-1,-1
146,-1,1020,204,132,148,1,-1,-1,-1
146,-1,830,175,75,92,1,-1,-1,-1
146,-1,843,120,72,76,1,-1,-1,-1
147,-1,1020,204,132,148,1,-1,-1,-1
147,-1,830,175,75,92,1,-1,-1,-1
147,-1,843,120,72,76,1,-1,-1,-1
148,-1,1030,222,127,147,1,-1,-1,-1
148,-1,831,190,77,90,1,-1,-1,-1
148,-1,845,119,72,85,1,-1,-1,-1
148,-1,783,138,76,83,1,-1,-1,-1
149,-1,1030,222,127,147,1,-1,-1,-1
149,-1,831,190,77,90,1,-1,-1,-1
149,-1,845,119,72,85,1,-1,-1,-1
149,-1,783,138,76,83,1,-1,-1,-1
150,-1,1030,222,127,147,1,-1,-1,-1
150,-1,831,190,77,90,1,-1,-1,-1
150,-1,845,119,72,85,1,-1,-1,-1
150,-1,783,138,76,83,1,-1,-1,-1
151,-1,1051,233,135,156,1,-1,-1,-1
151,-1,851,126,55,72,1,-1,-1,-1
151,-1,827,201,80,99,1,-1,-1,-1
151,-1,781,134,67,82,1,-1,-1,-1
152,-1,1051,233,135,156,1,-1,-1,-1
152,-1,851,126,55,72,1,-1,-1,-1
152,-1,827,201,80,99,1,-1,-1,-1
152,-1,781,134,67,82,1,-1,-1,-1
153,-1,1051,233,135,156,1,-1,-1,-1
153,-1,851,126,55,72,1,-1,-1,-1
153,-1,827,201,80,99,1,-1,-1,-1
153,-1,781,134,67,82,1,-1,-1,-1
154,-1,1067,230,131,154,1,-1,-1,-1
154,-1,841,196,76,91,1,-1,-1,-1
154,-1,841,132,76,85,1,-1,-1,-1
155,-1,1067,230,131,154,1,-1,-1,-1
155,-1,841,196,76,91,1,-1,-1,-1
155,-1,841,132,76,85,1,-1,-1,-1
156,-1,1067,230,131,154,1,-1,-1,-1
156,-1,841,196,76,91,1,-1,-1,-1
156,-1,841,132,76,85,1,-1,-1,-1
157,-1,1069,228,135,161,1,-1,-1,-1
157,-1,781,67,80,88,1,-1,-1,-1
157,-1,834,193,82,97,1,-1,-1,-1
157,-1,853,130,76,81,1,-1,-1,-1
157,-1,770,134,81,84,1,-1,-1,-1
158,-1,1069,228,135,161,1,-1,-1,-1
158,-1,781,67,80,88,1,-1,-1,-1
158,-1,834,193,82,97,1,-1,-1,-1
158,-1,853,130,76,81,1,-1,-1,-1
158,-1,770,134,81,84,1,-1,-1,-1
159,-1,1069,228,135,161,1,-1,-1,-1
159,-1,781,67,80,88,1,-1,-1,-1
159,-1,834,193,82,97,1,-1,-1,-1
159,-1,853,130,76,81,1,-1,-1,-1
159,-1,770,134,81,84,1,-1,-1,-1
160,-1,1064,236,142,176,1,-1,-1,-1
160,-1,848,210,71,84,1,-1,-1,-1
160,-1,839,84,65,74,1,-1,-1,-1
160,-1,860,128,57,76,1,-1,-1,-1
160,-1,786,140,60,77,1,-1,-1,-1
161,-1,1064,236,142,176,1,-1,-1,-1
161,-1,848,210,71,84,1,-1,-1,-1
161,-1,839,84,65,74,1,-1,-1,-1
161,-1,860,128,57,76,1,-1,-1,-1
161,-1,786,140,60,77,1,-1,-1,-1
162,-1,1064,236,142,176,1,-1,-1,-1
162,-1,848,210,71,84,1,-1,-1,-1
162,-1,839,84,65,74,1,-1,-1,-1
162,-1,860,128,57,76,1,-1,-1,-1
162,-1,786,140,60,77,1,-1,-1,-1
163,-1,1057,264,137,169,1,-1,-1,-1
163,-1,777,134,75,90,1,-1,-1,-1
163,-1,854,136,76,84,1,-1,-1,-1
163,-1,831,222,80,96,1,-1,-1,-1
163,-1,880,69,57,69,1,-1,-1,-1
164,-1,1057,264,137,169,1,-1,-1,-1
164,-1,777,134,75,90,1,-1,-1,-1
164,-1,854,136,76,84,1,-1,-1,-1
164,-1,831,222,80,96,1,-1,-1,-1
164,-1,880,69,57,69,1,-1,-1,-1
165,-1,1057,264,137,169,1,-1,-1,-1
165,-1,777,134,75,90,1,-1,-1,-1
165,-1,854,136,76,84,1,-1,-1,-1
165,-1,831,222,80,96,1,-1,-1,-1
165,-1,880,69,57,69,1,-1,-1,-1
166,-1,1047,271,150,172,1,-1,-1,-1
166,-1,863,146,55,60,1,-1,-1,-1
166,-1,762,126,76,98,1,-1,-1,-1
166,-1,901,59,77,81,1,-1,-1,-1
166,-1,832,220,87,101,1,-1,-1,-1
167,-1,1047,271,150,172,1,-1,-1,-1
167,-1,863,146,55,60,1,-1,-1,-1
167,-1,762,126,76,98,1,-1,-1,-1
167,-1,901,59,77,81,1,-1,-1,-1
167,-1,832,220,87,101,1,-1,-1,-1
168,-1,1047,271,150,172,1,-1,-1,-1
168,-1,863,146,55,60,1,-1,-1,-1
168,-1,762,126,76,98,1,-1,-1,-1
168,-1,901,59,77,81,1,-1,-1,-1
168,-1,832,220,87,101,1,-1,-1,-1
169,-1,1033,264,156,184,1,-1,-1,-1
169,-1,742,133,77,82,1,-1,-1,-1
169,-1,833,233,76,109,1,-1,-1,-1
169,-1,867,143,52,68,1,-1,-1,-1
169,-1,948,78,56,72,1,-1,-1,-1
170,-1,1033,264,156,184,1,-1,-1,-1
170,-1,742,133,77,82,1,-1,-1,-1
170,-1,833,233,76,109,1,-1,-1,-1
170,-1,867,143,52,68,1,-1,-1,-1
170,-1,948,78,56,72,1,-1,-1,-1
171,-1,1033,264,156,184,1,-1,-1,-1
171,-1,742,133,77,82,1,-1,-1,-1
171,-1,833,233,76,109,1,-1,-1,-1
171,-1,867,143,52,68,1,-1,-1,-1
171,-1,948,78,56,72,1,-1,-1,-1
172,-1,1035,278,156,184,1,-1,-1,-1
172,-1,958,79,67,88,1,-1,-1,-1
172,-1,843,237,90,113,1,-1,-1,-1
172,-1,852,138,72,76,1,-1,-1,-1
172,-1,721,137,80,88,1,-1,-1,-1
173,-1,1035,278,156,184,1,-1,-1,-1
173,-1,958,79,67,88,1,-1,-1,-1
173,-1,843,237,90,113,1,-1,-1,-1
173,-1,852,138,72,76,1,-1,-1,-1
173,-1,721,137,80,88,1,-1,-1,-1
174,-1,1035,278,156,184,1,-1,-1,-1
174,-1,958,79,67,88,1,-1,-1,-1
174,-1,843,237,90,113,1,-1,-1,-1
174,-1,852,138,72,76,1,-1,-1,-1
174,-1,721,137,80,88,1,-1,-1,-1
175,-1,1032,299,146,181,1,-1,-1,-1
175,-1,834,235,106,122,1,-1,-1,-1
175,-1,699,130,82,92,1,-1,-1,-1
175,-1,857,146,67,81,1,-1,-1,-1
175,-1,971,87,76,93,1,-1,-1,-1
176,-1,1032,299,146,181,1,-1,-1,-1
176,-1,834,235,106,122,1,-1,-1,-1
176,-1,699,130,82,92,1,-1,-1,-1
176,-1,857,146,67,81,1,-1,-1,-1
176,-1,971,87,76,93,1,-1,-1,-1
177,-1,1032,299,146,181,1,-1,-1,-1
177,-1,834,235,106,122,1,-1,-1,-1
177,-1,699,130,82,92,1,-1,-1,-1
177,-1,857,146,67,81,1,-1,-1,-1
177,-1,971,87,76,93,1,-1,-1,-1
178,-1,1033,307,175,212,1,-1,-1,-1
178,-1,987,74,75,92,1,-1,-1,-1
178,-1,693,134,77,91,1,-1,-1,-1
178,-1,873,159,47,74,1,-1,-1,-1
178,-1,851,244,96,116,1,-1,-1,-1
179,-1,1033,307,175,212,1,-1,-1,-1
179,-1,987,74,75,92,1,-1,-1,-1
179,-1,693,134,77,91,1,-1,-1,-1
179,-1,873,159,47,74,1,-1,-1,-1
179,-1,851,244,96,116,1,-1,-1,-1
180,-1,1033,307,175,212,1,-1,-1,-1
180,-1,987,74,75,92,1,-1,-1,-1
180,-1,693,134,77,91,1,-1,-1,-1
180,-1,873,159,47,74,1,-1,-1,-1
180,-1,851,244,96,116,1,-1,-1,-1
181,-1,1050,311,197,200,1,-1,-1,-1
181,-1,855,165,56,84,1,-1,-1,-1
181,-1,1011,78,71,88,1,-1,-1,-1
181,-1,851,243,95,116,1,-1,-1,-1
181,-1,687,138,72,85,1,-1,-1,-1
182,-1,1050,311,197,200,1,-1,-1,-1
182,-1,855,165,56,84,1,-1,-1,-1
182,-1,1011,78,71,88,1,-1,-1,-1
182,-1,851,243,95,116,1,-1,-1,-1
182,-1,687,138,72,85,1,-1,-1,-1
183,-1,1050,311,197,200,1,-1,-1,-1
183,-1,855,165,56,84,1,-1,-1,-1
183,-1,1011,78,71,88,1,-1,-1,-1
183,-1,851,243,95,116,1,-1,-1,-1
183,-1,687,138,72,85,1,-1,-1,-1
184,-1,1069,317,175,204,1,-1,-1,-1
184,-1,859,242,101,121,1,-1,-1,-1
184,-1,869,164,60,76,1,-1,-1,-1
184,-1,1031,84,75,91,1,-1,-1,-1
184,-1,670,138,86,105,1,-1,-1,-1
184,-1,775,86,52,75,1,-1,-1,-1
185,-1,1069,317,175,204,1,-1,-1,-1
185,-1,859,242,101,121,1,-1,-1,-1
185,-1,869,164,60,76,1,-1,-1,-1
185,-1,1031,84,75,91,1,-1,-1,-1
185,-1,670,138,86,105,1,-1,-1,-1
185,-1,775,86,52,75,1,-1,-1,-1
186,-1,1069,317,175,204,1,-1,-1,-1
186,-1,859,242,101,121,1,-1,-1,-1
186,-1,869,164,60,76,1,-1,-1,-1
186,-1,1031,84,75,91,1,-1,-1,-1
186,-1,670,138,86,105,1,-1,-1,-1
186,-1,775,86,52,75,1,-1,-1,-1
187,-1,1064,319,177,233,1,-1,-1,-1
187,-1,849,267,105,125,1,-1,-1,-1
187,-1,682,162,62,92,1,-1,-1,-1
187,-1,781,82,72,80,1,-1,-1,-1
187,-1,1063,95,66,82,1,-1,-1,-1
187,-1,871,157,81,99,1,-1,-1,-1
188,-1,1064,319,177,233,1,-1,-1,-1
188,-1,849,267,105,125,1,-1,-1,-1
188,-1,682,162,62,92,1,-1,-1,-1
188,-1,781,82,72,80,1,-1,-1,-1
188,-1,1063,95,66,82,1,-1,-1,-1
188,-1,871,157,81,99,1,-1,-1,-1
189,-1,1064,319,177,233,1,-1,-1,-1
189,-1,849,267,105,125,1,-1,-1,-1
189,-1,682,162,62,92,1,-1,-1,-1
189,-1,781,82,72,80,1,-1,-1,-1
189,-1,1063,95,66,82,1,-1,-1,-1
189,-1,871,157,81,99,1,-1,-1,-1
190,-1,1044,361,190,219,1,-1,-1,-1
190,-1,890,166,70,82,1,-1,-1,-1
190,-1,862,285,101,123,1,-1,-1,-1
190,-1,677,150,81,99,1,-1,-1,-1
190,-1,799,97,75,80,1,-1,-1,-1
190,-1,1077,97,71,85,1,-1,-1,-1
191,-1,1044,361,190,219,1,-1,-1,-1
191,-1,890,166,70,82,1,-1,-1,-1
191,-1,862,285,101,123,1,-1,-1,-1
191,-1,677,150,81,99,1,-1,-1,-1
191,-1,799,97,75,80,1,-1,-1,-1
191,-1,1077,97,71,85,1,-1,-1,-1
192,-1,1044,361,190,219,1,-1,-1,-1
192,-1,890,166,70,82,1,-1,-1,-1
192,-1,862,285,101,123,1,-1,-1,-1
192,-1,677,150,81,99,1,-1,-1,-1
192,-1,799,97,75,80,1,-1,-1,-1
192,-1,1077,97,71,85,1,-1,-1,-1
193,-1,1024,375,196,240,1,-1,-1,-1
193,-1,848,280,110,132,1,-1,-1,-1
193,-1,685,150,81,101,1,-1,-1,-1
193,-1,1089,85,72,93,1,-1,-1,-1
193,-1,898,170,65,83,1,-1,-1,-1
193,-1,819,90,76,88,1,-1,-1,-1
194,-1,1024,375,196,240,1,-1,-1,-1
194,-1,848,280,110,132,1,-1,-1,-1
194,-1,685,150,81,101,1,-1,-1,-1
194,-1,1089,85,72,93,1,-1,-1,-1
194,-1,898,170,65,83,1,-1,-1,-1
194,-1,819,90,76,88,1,-1,-1,-1
195,-1,1024,375,196,240,1,-1,-1,-1
195,-1,848,280,110,132,1,-1,-1,-1
195,-1,685,150,81,101,1,-1,-1,-1
195,-1,1089,85,72,93,1,-1,-1,-1
195,-1,898,170,65,83,1,-1,-1,-1
195,-1,819,90,76,88,1,-1,-1,-1
196,-1,1009,378,201,235,1,-1,-1,-1
196,-1,845,284,116,148,1,-1,-1,-1
196,-1,684,154,85,106,1,-1,-1,-1
196,-1,908,181,65,83,1,-1,-1,-1
196,-1,1092,90,75,96,1,-1,-1,-1
196,-1,823,90,81,97,1,-1,-1,-1
197,-1,1009,378,201,235,1,-1,-1,-1
197,-1,845,284,116,148,1,-1,-1,-1
197,-1,684,154,85,106,1,-1,-1,-1
197,-1,908,181,65,83,1,-1,-1,-1
197,-1,1092,90,75,96,1,-1,-1,-1
197,-1,823,90,81,97,1,-1,-1,-1
198,-1,1009,378,201,235,1,-1,-1,-1
198,-1,845,284,116,148,1,-1,-1,-1
198,-1,684,154,85,106,1,-1,-1,-1
198,-1,908,181,65,83,1,-1,-1,-1
198,-1,1092,90,75,96,1,-1,-1,-1
198,-1,823,90,81,97,1,-1,-1,-1
199,-1,1008,401,200,234,1,-1,-1,-1
199,-1,914,184,67,88,1,-1,-1,-1
199,-1,860,313,111,128,1,-1,-1,-1
199,-1,1093,111,72,99,1,-1,-1,-1
199,-1,822,85,85,97,1,-1,-1,-1
199,-1,704,174,67,90,1,-1,-1,-1
200,-1,1008,401,200,234,1,-1,-1,-1
200,-1,914,184,67,88,1,-1,-1,-1
200,-1,860,313,111,128,1,-1,-1,-1
200,-1,1093,111,72,99,1,-1,-1,-1
200,-1,822,85,85,97,1,-1,-1,-1
200,-1,704,174,67,90,1,-1,-1,-1
201,-1,1008,401,200,234,1,-1,-1,-1
201,-1,914,184,67,88,1,-1,-1,-1
201,-1,860,313,111,128,1,-1,-1,-1
201,-1,1093,111,72,99,1,-1,-1,-1
201,-1,822,85,85,97,1,-1,-1,-1
201,-1,704,174,67,90,1,-1,-1,-1
202,-1,1001,431,222,256,1,-1,-1,-1
202,-1,859,310,115,146,1,-1,-1,-1
202,-1,1096,111,75,93,1,-1,-1,-1
202,-1,708,185,71,101,1,-1,-1,-1
202,-1,934,189,60,82,1,-1,-1,-1
202,-1,833,99,71,88,1,-1,-1,-1
203,-1,1001,431,222,256,1,-1,-1,-1
203,-1,859,310,115,146,1,-1,-1,-1
203,-1,1096,111,75,93,1,-1,-1,-1
203,-1,708,185,71,101,1,-1,-1,-1
203,-1,934,189,60,82,1,-1,-1,-1
203,-1,833,99,71,88,1,-1,-1,-1
204,-1,1001,431,222,256,1,-1,-1,-1
204,-1,859,310,115,146,1,-1,-1,-1
204,-1,1096,111,75,93,1,-1,-1,-1
204,-1,708,185,71,101,1,-1,-1,-1
204,-1,934,189,60,82,1,-1,-1,-1
204,-1,833,99,71,88,1,-1,-1,-1
205,-1,1023,465,216,251,1,-1,-1,-1
205,-1,1097,102,82,107,1,-1,-1,-1
205,-1,850,318,120,147,1,-1,-1,-1
205,-1,690,174,95,114,1,-1,-1,-1
205,-1,933,184,67,89,1,-1,-1,-1
205,-1,844,102,66,82,1,-1,-1,-1
206,-1,1023,465,216,251,1,-1,-1,-1
206,-1,1097,102,82,107,1,-1,-1,-1
206,-1,850,318,120,147,1,-1,-1,-1
206,-1,690,174,95,114,1,-1,-1,-1
206,-1,933,184,67,89,1,-1,-1,-1
206,-1,844,102,66,82,1,-1,-1,-1
207,-1,1023,465,216,251,1,-1,-1,-1
207,-1,1097,102,82,107,1,-1,-1,-1
207,-1,850,318,120,147,1,-1,-1,-1
207,-1,690,174,95,114,1,-1,-1,-1
207,-1,933,184,67,89,1,-1,-1,-1
207,-1,844,102,66,82,1,-1,-1,-1
208,-1,1048,463,225,269,1,-1,-1,-1
208,-1,844,320,122,149,1,-1,-1,-1
208,-1,848,107,65,85,1,-1,-1,-1
208,-1,705,174,86,112,1,-1,-1,-1
208,-1,1121,113,75,99,1,-1,-1,-1
208,-1,934,189,80,93,1,-1,-1,-1
209,-1,1048,463,225,269,1,-1,-1,-1
209,-1,844,320,122,149,1,-1,-1,-1
209,-1,848,107,65,85,1,-1,-1,-1
209,-1,705,174,86,112,1,-1,-1,-1
209,-1,1121,113,75,99,1,-1,-1,-1
209,-1,934,189,80,93,1,-1,-1,-1
210,-1,1048,463,225,269,1,-1,-1,-1
210,-1,844,320,122,149,1,-1,-1,-1
210,-1,848,107,65,85,1,-1,-1,-1
210,-1,705,174,86,112,1,-1,-1,-1
210,-1,1121,113,75,99,1,-1,-1,-1
210,-1,934,189,80,93,1,-1,-1,-1
211,-1,1047,462,237,282,1,-1,-1,-1
211,-1,820,341,110,137,1,-1,-1,-1
211,-1,952,197,75,97,1,-1,-1,-1
211,-1,1130,122,85,107,1,-1,-1,-1
211,-1,709,183,86,107,1,-1,-1,-1
211,-1,850,123,75,84,1,-1,-1,-1
211,-1,795,109,51,66,1,-1,-1,-1
212,-1,1047,462,237,282,1,-1,-1,-1
212,-1,820,341,110,137,1,-1,-1,-1
212,-1,952,197,75,97,1,-1,-1,-1
212,-1,1130,122,85,107,1,-1,-1,-1
212,-1,709,183,86,107,1,-1,-1,-1
212,-1,850,123,75,84,1,-1,-1,-1
212,-1,795,109,51,66,1,-1,-1,-1
213,-1,1047,462,237,282,1,-1,-1,-1
213,-1,820,341,110,137,1,-1,-1,-1
213,-1,952,197,75,97,1,-1,-1,-1
213,-1,1130,122,85,107,1,-1,-1,-1
213,-1,709,183,86,107,1,-1,-1,-1
213,-1,850,123,75,84,1,-1,-1,-1
213,-1,795,109,51,66,1,-1,-1,-1
214,-1,1026,501,241,289,1,-1,-1,-1
214,-1,1147,127,90,115,1,-1,-1,-1
214,-1,717,196,95,112,1,-1,-1,-1
214,-1,965,208,71,80,1,-1,-1,-1
214,-1,782,349,135,156,1,-1,-1,-1
214,-1,860,115,70,80,1,-1,-1,-1
214,-1,807,103,55,67,1,-1,-1,-1
215,-1,1026,501,241,289,1,-1,-1,-1
215,-1,1147,127,90,115,1,-1,-1,-1
215,-1,717,196,95,112,1,-1,-1,-1
215,-1,965,208,71,80,1,-1,-1,-1
215,-1,782,349,135,156,1,-1,-1,-1
215,-1,860,115,70,80,1,-1,-1,-1
215,-1,807,103,55,67,1,-1,-1,-1
216,-1,1026,501,241,289,1,-1,-1,-1
216,-1,1147,127,90,115,1,-1,-1,-1
216,-1,717,196,95,112,1,-1,-1,-1
216,-1,965,208,71,80,1,-1,-1,-1
216,-1,782,349,135,156,1,-1,-1,-1
216,-1,860,115,70,80,1,-1,-1,-1
216,-1,807,103,55,67,1,-1,-1,-1
217,-1,982,544,266,305,1,-1,-1,-1
217,-1,1174,132,80,107,1,-1,-1,-1
217,-1,751,357,126,160,1,-1,-1,-1
217,-1,866,112,66,82,1,-1,-1,-1
217,-1,751,202,91,108,1,-1,-1,-1
217,-1,974,215,66,83,1,-1,-1,-1
217,-1,820,100,57,69,1,-1,-1,-1
218,-1,982,544,266,305,1,-1,-1,-1
218,-1,1174,132,80,107,1,-1,-1,-1
218,-1,751,357,126,160,1,-1,-1,-1
218,-1,866,112,66,82,1,-1,-1,-1
218,-1,751,202,91,108,1,-1,-1,-1
218,-1,974,215,66,83,1,-1,-1,-1
218,-1,820,100,57,69,1,-1,-1,-1
219,-1,982,544,266,305,1,-1,-1,-1
219,-1,1174,132,80,107,1,-1,-1,-1
219,-1,751,357,126,160,1,-1,-1,-1
219,-1,866,112,66,82,1,-1,-1,-1
219,-1,751,202,91,108,1,-1,-1,-1
219,-1,974,215,66,83,1,-1,-1,-1
219,-1,820,100,57,69,1,-1,-1,-1
220,-1,921,586,280,300,1,-1,-1,-1
220,-1,717,354,141,172,1,-1,-1,-1
220,-1,1164,118,92,113,1,-1,-1,-1
220,-1,742,189,102,120,1,-1,-1,-1
220,-1,966,205,87,105,1,-1,-1,-1
220,-1,856,119,70,83,1,-1,-1,-1
221,-1,921,586,280,300,1,-1,-1,-1
221,-1,717,354,141,172,1,-1,-1,-1
221,-1,1164,118,92,113,1,-1,-1,-1
221,-1,742,189,102,120,1,-1,-1,-1
221,-1,966,205,87,105,1,-1,-1,-1
221,-1,856,119,70,83,1,-1,-1,-1
222,-1,921,586,280,300,1,-1,-1,-1
222,-1,717,354,141,172,1,-1,-1,-1
222,-1,1164,118,92,113,1,-1,-1,-1
222,-1,742,189,102,120,1,-1,-1,-1
222,-1,966,205,87,105,1,-1,-1,-1
222,-1,856,119,70,83,1,-1,-1,-1
223,-1,846,576,271,323,1,-1,-1,-1
223,-1,751,195,106,131,1,-1,-1,-1
223,-1,1169,132,90,112,1,-1,-1,-1
223,-1,681,371,147,170,1,-1,-1,-1
223,-1,985,221,81,100,1,-1,-1,-1
223,-1,849,119,71,92,1,-1,-1,-1
224,-1,846,576,271,323,1,-1,-1,-1
224,-1,751,195,106,131,1,-1,-1,-1
224,-1,1169,132,90,112,1,-1,-1,-1
224,-1,681,371,147,170,1,-1,-1,-1
224,-1,985,221,81,100,1,-1,-1,-1
224,-1,849,119,71,92,1,-1,-1,-1
225,-1,846,576,271,323,1,-1,-1,-1
225,-1,751,195,106,131,1,-1,-1,-1
225,-1,1169,132,90,112,1,-1,-1,-1
225,-1,681,371,147,170,1,-1,-1,-1
225,-1,985,221,81,100,1,-1,-1,-1
225,-1,849,119,71,92,1,-1,-1,-1
226,-1,801,630,280,313,1,-1,-1,-1
226,-1,653,394,140,181,1,-1,-1,-1
226,-1,749,211,105,121,1,-1,-1,-1
226,-1,1166,141,96,120,1,-1,-1,-1
226,-1,976,220,81,104,1,-1,-1,-1
226,-1,834,127,86,99,1,-1,-1,-1
226,-1,891,115,55,67,1,-1,-1,-1
227,-1,801,630,280,313,1,-1,-1,-1
227,-1,653,394,140,181,1,-1,-1,-1
227,-1,749,211,105,121,1,-1,-1,-1
227,-1,1166,141,96,120,1,-1,-1,-1
227,-1,976,220,81,104,1,-1,-1,-1
227,-1,834,127,86,99,1,-1,-1,-1
227,-1,891,115,55,67,1,-1,-1,-1
228,-1,801,630,280,313,1,-1,-1,-1
228,-1,653,394,140,181,1,-1,-1,-1
228,-1,749,211,105,121,1,-1,-1,-1
228,-1,1166,141,96,120,1,-1,-1,-1
228,-1,976,220,81,104,1,-1,-1,-1
228,-1,834,127,86,99,1,-1,-1,-1
228,-1,891,115,55,67,1,-1,-1,-1
229,-1,623,398,150,178,1,-1,-1,-1
229,-1,765,681,261,316,1,-1,-1,-1
229,-1,758,221,96,116,1,-1,-1,-1
229,-1,1175,133,86,113,1,-1,-1,-1
229,-1,833,131,91,92,1,-1,-1,-1
229,-1,992,219,91,112,1,-1,-1,-1
229,-1,917,113,57,73,1,-1,-1,-1
230,-1,623,398,150,178,1,-1,-1,-1
230,-1,765,681,261,316,1,-1,-1,-1
230,-1,758,221,96,116,1,-1,-1,-1
230,-1,1175,133,86,113,1,-1,-1,-1
230,-1,833,131,91,92,1,-1,-1,-1
230,-1,992,219,91,112,1,-1,-1,-1
230,-1,917,113,57,73,1,-1,-1,-1
231,-1,623,398,150,178,1,-1,-1,-1
231,-1,765,681,261,316,1,-1,-1,-1
231,-1,758,221,96,116,1,-1,-1,-1
231,-1,1175,133,86,113,1,-1,-1,-1
231,-1,833,131,91,92,1,-1,-1,-1
231,-1,992,219,91,112,1,-1,-1,-1
231,-1,917,113,57,73,1,-1,-1,-1
232,-1,594,403,151,184,1,-1,-1,-1
232,-1,1175,133,96,128,1,-1,-1,-1
232,-1,836,134,76,98,1,-1,-1,-1
232,-1,745,228,107,129,1,-1,-1,-1
232,-1,741,752,262,325,1,-1,-1,-1
232,-1,924,111,71,75,1,-1,-1,-1
232,-1,1006,255,67,97,1,-1,-1,-1
232,-1,789,64,45,65,1,-1,-1,-1
233,-1,594,403,151,184,1,-1,-1,-1
233,-1,1175,133,96,128,1,-1,-1,-1
233,-1,836,134,76,98,1,-1,-1,-1
233,-1,745,228,107,129,1,-1,-1,-1
233,-1,741,752,262,325,1,-1,-1,-1
233,-1,924,111,71,75,1,-1,-1,-1
233,-1,1006,255,67,97,1,-1,-1,-1
233,-1,789,64,45,65,1,-1,-1,-1
234,-1,594,403,151,184,1,-1,-1,-1
234,-1,1175,133,96,128,1,-1,-1,-1
234,-1,836,134,76,98,1,-1,-1,-1
234,-1,745,228,107,129,1,-1,-1,-1
234,-1,741,752,262,325,1,-1,-1,-1
234,-1,924,111,71,75,1,-1,-1,-1
234,-1,1006,255,67,97,1,-1,-1,-1
234,-1,789,64,45,65,1,-1,-1,-1
235,-1,746,228,110,121,1,-1,-1,-1
235,-1,1010,254,91,116,1,-1,-1,-1
235,-1,1192,143,100,125,1,-1,-1,-1
235,-1,559,407,151,202,1,-1,-1,-1
235,-1,708,775,297,304,1,-1,-1,-1
235,-1,779,53,61,85,1,-1,-1,-1
235,-1,946,114,56,69,1,-1,-1,-1
235,-1,833,136,80,98,1,-1,-1,-1
236,-1,746,228,110,121,1,-1,-1,-1
236,-1,1010,254,91,116,1,-1,-1,-1
236,-1,1192,143,100,125,1,-1,-1,-1
236,-1,559,407,151,202,1,-1,-1,-1
236,-1,708,775,297,304,1,-1,-1,-1
236,-1,779,53,61,85,1,-1,-1,-1
236,-1,946,114,56,69,1,-1,-1,-1
236,-1,833,136,80,98,1,-1,-1,-1
237,-1,746,228,110,121,1,-1,-1,-1
237,-1,1010,254,91,116,1,-1,-1,-1
237,-1,1192,143,100,125,1,-1,-1,-1
237,-1,559,407,151,202,1,-1,-1,-1
237,-1,708,775,297,304,1,-1,-1,-1
237,-1,779,53,61,85,1,-1,-1,-1
237,-1,946,114,56,69,1,-1,-1,-1
237,-1,833,136,80,98,1,-1,-1,-1
238,-1,507,423,150,203,1,-1,-1,-1
238,-1,755,236,107,122,1,-1,-1,-1
238,-1,849,159,67,96,1,-1,-1,-1
238,-1,1034,263,75,98,1,-1,-1,-1
238,-1,1212,174,100,125,1,-1,-1,-1
238,-1,784,50,75,83,1,-1,-1,-1
238,-1,660,798,351,281,1,-1,-1,-1
238,-1,949,118,60,82,1,-1,-1,-1
239,-1,507,423,150,203,1,-1,-1,-1
239,-1,755,236,107,122,1,-1,-1,-1
239,-1,849,159,67,96,1,-1,-1,-1
239,-1,1034,263,75,98,1,-1,-1,-1
239,-1,1212,174,100,125,1,-1,-1,-1
239,-1,784,50,75,83,1,-1,-1,-1
239,-1,660,798,351,281,1,-1,-1,-1
239,-1,949,118,60,82,1,-1,-1,-1
240,-1,507,423,150,203,1,-1,-1,-1
240,-1,755,236,107,122,1,-1,-1,-1
240,-1,849,159,67,96,1,-1,-1,-1
240,-1,1034,263,75,98,1,-1,-1,-1
240,-1,1212,174,100,125,1,-1,-1,-1
240,-1,784,50,75,83,1,-1,-1,-1
240,-1,660,798,351,281,1,-1,-1,-1
240,-1,949,118,60,82,1,-1,-1,-1
241,-1,850,152,85,104,1,-1,-1,-1
241,-1,1226,170,100,124,1,-1,-1,-1
241,-1,452,439,181,208,1,-1,-1,-1
241,-1,778,260,101,117,1,-1,-1,-1
241,-1,798,58,81,83,1,-1,-1,-1
241,-1,1034,253,91,116,1,-1,-1,-1
241,-1,960,126,56,75,1,-1,-1,-1
242,-1,850,152,85,104,1,-1,-1,-1
242,-1,1226,170,100,124,1,-1,-1,-1
242,-1,452,439,181,208,1,-1,-1,-1
242,-1,778,260,101,117,1,-1,-1,-1
242,-1,798,58,81,83,1,-1,-1,-1
242,-1,1034,253,91,116,1,-1,-1,-1
242,-1,960,126,56,75,1,-1,-1,-1
243,-1,850,152,85,104,1,-1,-1,-1
243,-1,1226,170,100,124,1,-1,-1,-1
243,-1,452,439,181,208,1,-1,-1,-1
243,-1,778,260,101,117,1,-1,-1,-1
243,-1,798,58,81,83,1,-1,-1,-1
243,-1,1034,253,91,116,1,-1,-1,-1
243,-1,960,126,56,75,1,-1,-1,-1
244,-1,387,448,192,209,1,-1,-1,-1
244,-1,783,266,110,128,1,-1,-1,-1
244,-1,1238,171,95,132,1,-1,-1,-1
244,-1,867,157,85,105,1,-1,-1,-1
244,-1,819,65,65,81,1,-1,-1,-1
244,-1,956,124,71,83,1,-1,-1,-1
244,-1,1055,275,85,106,1,-1,-1,-1
245,-1,387,448,192,209,1,-1,-1,-1
245,-1,783,266,110,128,1,-1,-1,-1
245,-1,1238,171,95,132,1,-1,-1,-1
245,-1,867,157,85,105,1,-1,-1,-1
245,-1,819,65,65,81,1,-1,-1,-1
245,-1,956,124,71,83,1,-1,-1,-1
245,-1,1055,275,85,106,1,-1,-1,-1
246,-1,387,448,192,209,1,-1,-1,-1
246,-1,783,266,110,128,1,-1,-1,-1
246,-1,1238,171,95,132,1,-1,-1,-1
246,-1,867,157,85,105,1,-1,-1,-1
246,-1,819,65,65,81,1,-1,-1,-1
246,-1,956,124,71,83,1,-1,-1,-1
246,-1,1055,275,85,106,1,-1,-1,-1
247,-1,1250,181,92,125,1,-1,-1,-1
247,-1,864,163,82,92,1,-1,-1,-1
247,-1,1054,290,96,120,1,-1,-1,-1
247,-1,791,262,120,137,1,-1,-1,-1
247,-1,335,472,180,196,1,-1,-1,-1
247,-1,970,128,60,75,1,-1,-1,-1
247,-1,838,66,66,82,1,-1,-1,-1
248,-1,1250,181,92,125,1,-1,-1,-1
248,-1,864,163,82,92,1,-1,-1,-1
248,-1,1054,290,96,120,1,-1,-1,-1
248,-1,791,262,120,137,1,-1,-1,-1
248,-1,335,472,180,196,1,-1,-1,-1
248,-1,970,128,60,75,1,-1,-1,-1
248,-1,838,66,66,82,1,-1,-1,-1
249,-1,1250,181,92,125,1,-1,-1,-1
249,-1,864,163,82,92,1,-1,-1,-1
249,-1,1054,290,96,120,1,-1,-1,-1
249,-1,791,262,120,137,1,-1,-1,-1
249,-1,335,472,180,196,1,-1,-1,-1
249,-1,970,128,60,75,1,-1,-1,-1
249,-1,838,66,66,82,1,-1,-1,-1
250,-1,802,264,117,138,1,-1,-1,-1
250,-1,295,510,186,197,1,-1,-1,-1
250,-1,866,65,62,73,1,-1,-1,-1
250,-1,1244,203,100,120,1,-1,-1,-1
250,-1,1064,297,91,113,1,-1,-1,-1
250,-1,977,129,65,80,1,-1,-1,-1
250,-1,845,161,105,122,1,-1,-1,-1
251,-1,802,264,117,138,1,-1,-1,-1
251,-1,295,510,186,197,1,-1,-1,-1
251,-1,866,65,62,73,1,-1,-1,-1
251,-1,1244,203,100,120,1,-1,-1,-1
251,-1,1064,297,91,113,1,-1,-1,-1
251,-1,977,129,65,80,1,-1,-1,-1
251,-1,845,161,105,122,1,-1,-1,-1
252,-1,802,264,117,138,1,-1,-1,-1
252,-1,295,510,186,197,1,-1,-1,-1
252,-1,866,65,62,73,1,-1,-1,-1
252,-1,1244,203,100,120,1,-1,-1,-1
252,-1,1064,297,91,113,1,-1,-1,-1
252,-1,977,129,65,80,1,-1,-1,-1
252,-1,845,161,105,122,1,-1,-1,-1
253,-1,814,285,105,123,1,-1,-1,-1
253,-1,248,533,187,210,1,-1,-1,-1
253,-1,1240,206,105,117,1,-1,-1,-1
253,-1,1062,291,106,124,1,-1,-1,-1
253,-1,856,175,97,120,1,-1,-1,-1
253,-1,985,136,57,75,1,-1,-1,-1
253,-1,859,65,82,92,1,-1,-1,-1
254,-1,814,285,105,123,1,-1,-1,-1
254,-1,248,533,187,210,1,-1,-1,-1
254,-1,1240,206,105,117,1,-1,-1,-1
254,-1,1062,291,106,124,1,-1,-1,-1
254,-1,856,175,97,120,1,-1,-1,-1
254,-1,985,136,57,75,1,-1,-1,-1
254,-1,859,65,82,92,1,-1,-1,-1
255,-1,814,285,105,123,1,-1,-1,-1
255,-1,248,533,187,210,1,-1,-1,-1
255,-1,1240,206,105,117,1,-1,-1,-1
255,-1,1062,291,106,124,1,-1,-1,-1
255,-1,856,175,97,120,1,-1,-1,-1
255,-1,985,136,57,75,1,-1,-1,-1
255,-1,859,65,82,92,1,-1,-1,-1
256,-1,223,548,172,235,1,-1,-1,-1
256,-1,806,291,126,145,1,-1,-1,-1
256,-1,1081,317,91,114,1,-1,-1,-1
256,-1,1238,185,115,138,1,-1,-1,-1
256,-1,989,140,76,77,1,-1,-1,-1
256,-1,854,174,96,120,1,-1,-1,-1
256,-1,863,76,81,89,1,-1,-1,-1
257,-1,223,548,172,235,1,-1,-1,-1
257,-1,806,291,126,145,1,-1,-1,-1
257,-1,1081,317,91,114,1,-1,-1,-1
257,-1,1238,185,115,138,1,-1,-1,-1
257,-1,989,140,76,77,1,-1,-1,-1
257,-1,854,174,96,120,1,-1,-1,-1
257,-1,863,76,81,89,1,-1,-1,-1
258,-1,223,548,172,235,1,-1,-1,-1
258,-1,806,291,126,145,1,-1,-1,-1
258,-1,1081,317,91,114,1,-1,-1,-1
258,-1,1238,185,115,138,1,-1,-1,-1
258,-1,989,140,76,77,1,-1,-1,-1
258,-1,854,174,96,120,1,-1,-1,-1
258,-1,863,76,81,89,1,-1,-1,-1
259,-1,808,290,112,137,1,-1,-1,-1
259,-1,167,547,191,241,1,-1,-1,-1
259,-1,1087,345,97,114,1,-1,-1,-1
259,-1,863,182,96,114,1,-1,-1,-1
259,-1,1253,186,135,149,1,-1,-1,-1
259,-1,856,86,75,83,1,-1,-1,-1
259,-1,1013,158,57,74,1,-1,-1,-1
260,-1,808,290,112,137,1,-1,-1,-1
260,-1,167,547,191,241,1,-1,-1,-1
260,-1,1087,345,97,114,1,-1,-1,-1
260,-1,863,182,96,114,1,-1,-1,-1
260,-1,1253,186,135,149,1,-1,-1,-1
260,-1,856,86,75,83,1,-1,-1,-1
260,-1,1013,158,57,74,1,-1,-1,-1
261,-1,808,290,112,137,1,-1,-1,-1
261,-1,167,547,191,241,1,-1,-1,-1
261,-1,1087,345,97,114,1,-1,-1,-1
261,-1,863,182,96,114,1,-1,-1,-1
261,-1,1253,186,135,149,1,-1,-1,-1
261,-1,856,86,75,83,1,-1,-1,-1
261,-1,1013,158,57,74,1,-1,-1,-1
262,-1,1270,212,112,141,1,-1,-1,-1
262,-1,801,288,121,140,1,-1,-1,-1
262,-1,849,85,72,84,1,-1,-1,-1
262,-1,1089,327,111,136,1,-1,-1,-1
262,-1,108,577,182,244,1,-1,-1,-1
262,-1,1023,138,71,89,1,-1,-1,-1
262,-1,865,171,96,112,1,-1,-1,-1
263,-1,1270,212,112,141,1,-1,-1,-1
263,-1,801,288,121,140,1,-1,-1,-1
263,-1,849,85,72,84,1,-1,-1,-1
263,-1,1089,327,111,136,1,-1,-1,-1
263,-1,108,577,182,244,1,-1,-1,-1
263,-1,1023,138,71,89,1,-1,-1,-1
263,-1,865,171,96,112,1,-1,-1,-1
264,-1,1270,212,112,141,1,-1,-1,-1
264,-1,801,288,121,140,1,-1,-1,-1
264,-1,849,85,72,84,1,-1,-1,-1
264,-1,1089,327,111,136,1,-1,-1,-1
264,-1,108,577,182,244,1,-1,-1,-1
264,-1,1023,138,71,89,1,-1,-1,-1
264,-1,865,171,96,112,1,-1,-1,-1
265,-1,795,290,136,157,1,-1,-1,-1
265,-1,1299,226,137,153,1,-1,-1,-1
265,-1,25,615,216,265,1,-1,-1,-1
265,-1,846,81,70,84,1,-1,-1,-1
265,-1,866,187,97,128,1,-1,-1,-1
265,-1,1091,337,117,129,1,-1,-1,-1
265,-1,1033,143,67,83,1,-1,-1,-1
266,-1,795,290,136,157,1,-1,-1,-1
266,-1,1299,226,137,153,1,-1,-1,-1
266,-1,25,615,216,265,1,-1,-1,-1
266,-1,846,81,70,84,1,-1,-1,-1
266,-1,866,187,97,128,1,-1,-1,-1
266,-1,1091,337,117,129,1,-1,-1,-1
266,-1,1033,143,67,83,1,-1,-1,-1
267,-1,795,290,136,157,1,-1,-1,-1
267,-1,1299,226,137,153,1,-1,-1,-1
267,-1,25,615,216,265,1,-1,-1,-1
267,-1,846,81,70,84,1,-1,-1,-1
267,-1,866,187,97,128,1,-1,-1,-1
267,-1,1091,337,117,129,1,-1,-1,-1
267,-1,1033,143,67,83,1,-1,-1,-1
268,-1,1322,217,135,168,1,-1,-1,-1
268,-1,817,317,122,144,1,-1,-1,-1
268,-1,835,73,82,89,1,-1,-1,-1
268,-1,1087,346,107,130,1,-1,-1,-1
268,-1,0,622,185,285,1,-1,-1,-1
268,-1,888,205,96,116,1,-1,-1,-1
268,-1,1036,145,67,88,1,-1,-1,-1
269,-1,1322,217,135,168,1,-1,-1,-1
269,-1,817,317,122,144,1,-1,-1,-1
269,-1,835,73,82,89,1,-1,-1,-1
269,-1,1087,346,107,130,1,-1,-1,-1
269,-1,0,622,185,285,1,-1,-1,-1
269,-1,888,205,96,116,1,-1,-1,-1
269,-1,1036,145,67,88,1,-1,-1,-1
270,-1,1322,217,135,168,1,-1,-1,-1
270,-1,817,317,122,144,1,-1,-1,-1
270,-1,835,73,82,89,1,-1,-1,-1
270,-1,1087,346,107,130,1,-1,-1,-1
270,-1,0,622,185,285,1,-1,-1,-1
270,-1,888,205,96,116,1,-1,-1,-1
270,-1,1036,145,67,88,1,-1,-1,-1
271,-1,814,331,137,155,1,-1,-1,-1
271,-1,1329,213,136,178,1,-1,-1,-1
271,-1,885,193,106,130,1,-1,-1,-1
271,-1,1041,159,66,82,1,-1,-1,-1
271,-1,846,91,71,90,1,-1,-1,-1
271,-1,1082,379,101,132,1,-1,-1,-1
272,-1,814,331,137,155,1,-1,-1,-1
272,-1,1329,213,136,178,1,-1,-1,-1
272,-1,885,193,106,130,1,-1,-1,-1
272,-1,1041,159,66,82,1,-1,-1,-1
272,-1,846,91,71,90,1,-1,-1,-1
272,-1,1082,379,101,132,1,-1,-1,-1
273,-1,814,331,137,155,1,-1,-1,-1
273,-1,1329,213,136,178,1,-1,-1,-1
273,-1,885,193,106,130,1,-1,-1,-1
273,-1,1041,159,66,82,1,-1,-1,-1
273,-1,846,91,71,90,1,-1,-1,-1
273,-1,1082,379,101,132,1,-1,-1,-1
274,-1,818,332,146,176,1,-1,-1,-1
274,-1,848,94,80,92,1,-1,-1,-1
274,-1,892,206,101,117,1,-1,-1,-1
274,-1,1344,237,126,163,1,-1,-1,-1
274,-1,1065,393,112,137,1,-1,-1,-1
274,-1,1046,162,66,81,1,-1,-1,-1
275,-1,818,332,146,176,1,-1,-1,-1
275,-1,848,94,80,92,1,-1,-1,-1
275,-1,892,206,101,117,1,-1,-1,-1
275,-1,1344,237,126,163,1,-1,-1,-1
275,-1,1065,393,112,137,1,-1,-1,-1
275,-1,1046,162,66,81,1,-1,-1,-1
276,-1,818,332,146,176,1,-1,-1,-1
276,-1,848,94,80,92,1,-1,-1,-1
276,-1,892,206,101,117,1,-1,-1,-1
276,-1,1344,237,126,163,1,-1,-1,-1
276,-1,1065,393,112,137,1,-1,-1,-1
276,-1,1046,162,66,81,1,-1,-1,-1
277,-1,889,209,102,136,1,-1,-1,-1
277,-1,1046,165,71,88,1,-1,-1,-1
277,-1,827,363,120,133,1,-1,-1,-1
277,-1,856,100,77,93,1,-1,-1,-1
277,-1,1054,381,121,160,1,-1,-1,-1
277,-1,1331,256,145,181,1,-1,-1,-1
278,-1,889,209,102,136,1,-1,-1,-1
278,-1,1046,165,71,88,1,-1,-1,-1
278,-1,827,363,120,133,1,-1,-1,-1
278,-1,856,100,77,93,1,-1,-1,-1
278,-1,1054,381,121,160,1,-1,-1,-1
278,-1,1331,256,145,181,1,-1,-1,-1
279,-1,889,209,102,136,1,-1,-1,-1
279,-1,1046,165,71,88,1,-1,-1,-1
279,-1,827,363,120,133,1,-1,-1,-1
279,-1,856,100,77,93,1,-1,-1,-1
279,-1,1054,381,121,160,1,-1,-1,-1
279,-1,1331,256,145,181,1,-1,-1,-1
280,-1,1314,264,146,192,1,-1,-1,-1
280,-1,796,343,150,185,1,-1,-1,-1
280,-1,893,222,105,137,1,-1,-1,-1
280,-1,1054,399,102,141,1,-1,-1,-1
280,-1,1065,179,62,75,1,-1,-1,-1
280,-1,858,106,75,84,1,-1,-1,-1
281,-1,1314,264,146,192,1,-1,-1,-1
281,-1,796,343,150,185,1,-1,-1,-1
281,-1,893,222,105,137,1,-1,-1,-1
281,-1,1054,399,102,141,1,-1,-1,-1
281,-1,1065,179,62,75,1,-1,-1,-1
281,-1,858,106,75,84,1,-1,-1,-1
282,-1,1314,264,146,192,1,-1,-1,-1
282,-1,796,343,150,185,1,-1,-1,-1
282,-1,893,222,105,137,1,-1,-1,-1
282,-1,1054,399,102,141,1,-1,-1,-1
282,-1,1065,179,62,75,1,-1,-1,-1
282,-1,858,106,75,84,1,-1,-1,-1
283,-1,1301,243,172,220,1,-1,-1,-1
283,-1,888,221,116,145,1,-1,-1,-1
283,-1,851,96,80,97,1,-1,-1,-1
283,-1,758,367,162,187,1,-1,-1,-1
283,-1,1033,423,112,165,1,-1,-1,-1
283,-1,1057,169,77,97,1,-1,-1,-1
283,-1,784,113,30,42,1,-1,-1,-1
284,-1,1301,243,172,220,1,-1,-1,-1
284,-1,888,221,116,145,1,-1,-1,-1
284,-1,851,96,80,97,1,-1,-1,-1
284,-1,758,367,162,187,1,-1,-1,-1
284,-1,1033,423,112,165,1,-1,-1,-1
284,-1,1057,169,77,97,1,-1,-1,-1
284,-1,784,113,30,42,1,-1,-1,-1
285,-1,1301,243,172,220,1,-1,-1,-1
285,-1,888,221,116,145,1,-1,-1,-1
285,-1,851,96,80,97,1,-1,-1,-1
285,-1,758,367,162,187,1,-1,-1,-1
285,-1,1033,423,112,165,1,-1,-1,-1
285,-1,1057,169,77,97,1,-1,-1,-1
285,-1,784,113,30,42,1,-1,-1,-1
286,-1,723,375,176,200,1,-1,-1,-1
286,-1,895,232,115,137,1,-1,-1,-1
286,-1,1321,277,155,192,1,-1,-1,-1
286,-1,1077,189,70,90,1,-1,-1,-1
286,-1,1040,443,105,164,1,-1,-1,-1
286,-1,782,99,55,75,1,-1,-1,-1
286,-1,823,100,97,104,1,-1,-1,-1
287,-1,723,375,176,200,1,-1,-1,-1
287,-1,895,232,115,137,1,-1,-1,-1
287,-1,1321,277,155,192,1,-1,-1,-1
287,-1,1077,189,70,90,1,-1,-1,-1
287,-1,1040,443,105,164,1,-1,-1,-1
287,-1,782,99,55,75,1,-1,-1,-1
287,-1,823,100,97,104,1,-1,-1,-1
288,-1,723,375,176,200,1,-1,-1,-1
288,-1,895,232,115,137,1,-1,-1,-1
288,-1,1321,277,155,192,1,-1,-1,-1
288,-1,1077,189,70,90,1,-1,-1,-1
288,-1,1040,443,105,164,1,-1,-1,-1
288,-1,782,99,55,75,1,-1,-1,-1
288,-1,823,100,97,104,1,-1,-1,-1
289,-1,675,391,167,189,1,-1,-1,-1
289,-1,1344,306,165,194,1,-1,-1,-1
289,-1,898,244,117,140,1,-1,-1,-1
289,-1,1080,182,91,99,1,-1,-1,-1
289,-1,1030,432,115,186,1,-1,-1,-1
289,-1,783,92,57,76,1,-1,-1,-1
289,-1,834,120,82,91,1,-1,-1,-1
290,-1,675,391,167,189,1,-1,-1,-1
290,-1,1344,306,165,194,1,-1,-1,-1
290,-1,898,244,117,140,1,-1,-1,-1
290,-1,1080,182,91,99,1,-1,-1,-1
290,-1,1030,432,115,186,1,-1,-1,-1
290,-1,783,92,57,76,1,-1,-1,-1
290,-1,834,120,82,91,1,-1,-1,-1
291,-1,675,391,167,189,1,-1,-1,-1
291,-1,1344,306,165,194,1,-1,-1,-1
291,-1,898,244,117,140,1,-1,-1,-1
291,-1,1080,182,91,99,1,-1,-1,-1
291,-1,1030,432,115,186,1,-1,-1,-1
291,-1,783,92,57,76,1,-1,-1,-1
291,-1,834,120,82,91,1,-1,-1,-1
292,-1,1365,318,162,204,1,-1,-1,-1
292,-1,634,390,176,200,1,-1,-1,-1
292,-1,1087,182,81,98,1,-1,-1,-1
292,-1,1024,449,122,173,1,-1,-1,-1
292,-1,902,262,122,149,1,-1,-1,-1
292,-1,822,110,91,107,1,-1,-1,-1
292,-1,798,101,56,73,1,-1,-1,-1
293,-1,1365,318,162,204,1,-1,-1,-1
293,-1,634,390,176,200,1,-1,-1,-1
293,-1,1087,182,81,98,1,-1,-1,-1
293,-1,1024,449,122,173,1,-1,-1,-1
293,-1,902,262,122,149,1,-1,-1,-1
293,-1,822,110,91,107,1,-1,-1,-1
293,-1,798,101,56,73,1,-1,-1,-1
294,-1,1365,318,162,204,1,-1,-1,-1
294,-1,634,390,176,200,1,-1,-1,-1
294,-1,1087,182,81,98,1,-1,-1,-1
294,-1,1024,449,122,173,1,-1,-1,-1
294,-1,902,262,122,149,1,-1,-1,-1
294,-1,822,110,91,107,1,-1,-1,-1
294,-1,798,101,56,73,1,-1,-1,-1
295,-1,1357,310,195,209,1,-1,-1,-1
295,-1,916,287,106,120,1,-1,-1,-1
295,-1,603,415,181,205,1,-1,-1,-1
295,-1,1102,191,72,82,1,-1,-1,-1
295,-1,1011,489,132,169,1,-1,-1,-1
295,-1,822,107,90,100,1,-1,-1,-1
296,-1,1357,310,195,209,1,-1,-1,-1
296,-1,916,287,106,120,1,-1,-1,-1
296,-1,603,415,181,205,1,-1,-1,-1
296,-1,1102,191,72,82,1,-1,-1,-1
296,-1,1011,489,132,169,1,-1,-1,-1
296,-1,822,107,90,100,1,-1,-1,-1
297,-1,1357,310,195,209,1,-1,-1,-1
297,-1,916,287,106,120,1,-1,-1,-1
297,-1,603,415,181,205,1,-1,-1,-1
297,-1,1102,191,72,82,1,-1,-1,-1
297,-1,1011,489,132,169,1,-1,-1,-1
297,-1,822,107,90,100,1,-1,-1,-1
298,-1,1341,313,205,229,1,-1,-1,-1
298,-1,555,432,185,221,1,-1,-1,-1
298,-1,904,261,127,157,1,-1,-1,-1
298,-1,1092,194,90,113,1,-1,-1,-1
298,-1,1006,526,142,171,1,-1,-1,-1
298,-1,824,114,100,117,1,-1,-1,-1
299,-1,1341,313,205,229,1,-1,-1,-1
299,-1,555,432,185,221,1,-1,-1,-1
299,-1,904,261,127,157,1,-1,-1,-1
299,-1,1092,194,90,113,1,-1,-1,-1
299,-1,1006,526,142,171,1,-1,-1,-1
299,-1,824,114,100,117,1,-1,-1,-1
300,-1,1341,313,205,229,1,-1,-1,-1
300,-1,555,432,185,221,1,-1,-1,-1
300,-1,904,261,127,157,1,-1,-1,-1
300,-1,1092,194,90,113,1,-1,-1,-1
300,-1,1006,526,142,171,1,-1,-1,-1
300,-1,824,114,100,117,1,-1,-1,-1
301,-1,1360,325,152,248,1,-1,-1,-1
301,-1,540,448,180,210,1,-1,-1,-1
301,-1,971,526,166,185,1,-1,-1,-1
301,-1,1104,214,67,89,1,-1,-1,-1
301,-1,894,267,115,145,1,-1,-1,-1
301,-1,842,117,96,121,1,-1,-1,-1
302,-1,1360,325,152,248,1,-1,-1,-1
302,-1,540,448,180,210,1,-1,-1,-1
302,-1,971,526,166,185,1,-1,-1,-1
302,-1,1104,214,67,89,1,-1,-1,-1
302,-1,894,267,115,145,1,-1,-1,-1
302,-1,842,117,96,121,1,-1,-1,-1
303,-1,1360,325,152,248,1,-1,-1,-1
303,-1,540,448,180,210,1,-1,-1,-1
303,-1,971,526,166,185,1,-1,-1,-1
303,-1,1104,214,67,89,1,-1,-1,-1
303,-1,894,267,115,145,1,-1,-1,-1
303,-1,842,117,96,121,1,-1,-1,-1
304,-1,881,287,135,164,1,-1,-1,-1
304,-1,490,459,202,218,1,-1,-1,-1
304,-1,1328,366,165,219,1,-1,-1,-1
304,-1,940,506,181,228,1,-1,-1,-1
304,-1,1099,217,70,88,1,-1,-1,-1
304,-1,856,128,96,116,1,-1,-1,-1
305,-1,881,287,135,164,1,-1,-1,-1
305,-1,490,459,202,218,1,-1,-1,-1
305,-1,1328,366,165,219,1,-1,-1,-1
305,-1,940,506,181,228,1,-1,-1,-1
305,-1,1099,217,70,88,1,-1,-1,-1
305,-1,856,128,96,116,1,-1,-1,-1
306,-1,881,287,135,164,1,-1,-1,-1
306,-1,490,459,202,218,1,-1,-1,-1
306,-1,1328,366,165,219,1,-1,-1,-1
306,-1,940,506,181,228,1,-1,-1,-1
306,-1,1099,217,70,88,1,-1,-1,-1
306,-1,856,128,96,116,1,-1,-1,-1
307,-1,1294,370,195,235,1,-1,-1,-1
307,-1,449,493,176,208,1,-1,-1,-1
307,-1,866,120,100,128,1,-1,-1,-1
307,-1,917,575,166,187,1,-1,-1,-1
307,-1,1090,204,96,116,1,-1,-1,-1
307,-1,859,297,135,172,1,-1,-1,-1
308,-1,1294,370,195,235,1,-1,-1,-1
308,-1,449,493,176,208,1,-1,-1,-1
308,-1,866,120,100,128,1,-1,-1,-1
308,-1,917,575,166,187,1,-1,-1,-1
308,-1,1090,204,96,116,1,-1,-1,-1
308,-1,859,297,135,172,1,-1,-1,-1
309,-1,1294,370,195,235,1,-1,-1,-1
309,-1,449,493,176,208,1,-1,-1,-1
309,-1,866,120,100,128,1,-1,-1,-1
309,-1,917,575,166,187,1,-1,-1,-1
309,-1,1090,204,96,116,1,-1,-1,-1
309,-1,859,297,135,172,1,-1,-1,-1
310,-1,1298,360,185,241,1,-1,-1,-1
310,-1,842,297,141,178,1,-1,-1,-1
310,-1,394,530,176,200,1,-1,-1,-1
310,-1,899,616,172,180,1,-1,-1,-1
310,-1,870,118,97,129,1,-1,-1,-1
310,-1,781,69,51,73,1,-1,-1,-1
310,-1,1099,233,82,99,1,-1,-1,-1
311,-1,1298,360,185,241,1,-1,-1,-1
311,-1,842,297,141,178,1,-1,-1,-1
311,-1,394,530,176,200,1,-1,-1,-1
311,-1,899,616,172,180,1,-1,-1,-1
311,-1,870,118,97,129,1,-1,-1,-1
311,-1,781,69,51,73,1,-1,-1,-1
311,-1,1099,233,82,99,1,-1,-1,-1
312,-1,1298,360,185,241,1,-1,-1,-1
312,-1,842,297,141,178,1,-1,-1,-1
312,-1,394,530,176,200,1,-1,-1,-1
312,-1,899,616,172,180,1,-1,-1,-1
312,-1,870,118,97,129,1,-1,-1,-1
312,-1,781,69,51,73,1,-1,-1,-1
312,-1,1099,233,82,99,1,-1,-1,-1
313,-1,1311,399,176,233,1,-1,-1,-1
313,-1,850,616,185,212,1,-1,-1,-1
313,-1,835,302,140,176,1,-1,-1,-1
313,-1,326,541,191,226,1,-1,-1,-1
313,-1,1102,235,91,107,1,-1,-1,-1
313,-1,871,146,97,123,1,-1,-1,-1
313,-1,789,70,62,81,1,-1,-1,-1
313,-1,896,109,82,83,1,-1,-1,-1
314,-1,1311,399,176,233,1,-1,-1,-1
314,-1,850,616,185,212,1,-1,-1,-1
314,-1,835,302,140,176,1,-1,-1,-1
314,-1,326,541,191,226,1,-1,-1,-1
314,-1,1102,235,91,107,1,-1,-1,-1
314,-1,871,146,97,123,1,-1,-1,-1
314,-1,789,70,62,81,1,-1,-1,-1
314,-1,896,109,82,83,1,-1,-1,-1
315,-1,1311,399,176,233,1,-1,-1,-1
315,-1,850,616,185,212,1,-1,-1,-1
315,-1,835,302,140,176,1,-1,-1,-1
315,-1,326,541,191,226,1,-1,-1,-1
315,-1,1102,235,91,107,1,-1,-1,-1
315,-1,871,146,97,123,1,-1,-1,-1
315,-1,789,70,62,81,1,-1,-1,-1
315,-1,896,109,82,83,1,-1,-1,-1
316,-1,257,535,217,257,1,-1,-1,-1
316,-1,1285,419,201,274,1,-1,-1,-1
316,-1,788,629,181,208,1,-1,-1,-1
316,-1,816,317,142,180,1,-1,-1,-1
316,-1,1109,234,95,116,1,-1,-1,-1
316,-1,801,57,72,89,1,-1,-1,-1
316,-1,860,158,101,117,1,-1,-1,-1
316,-1,899,120,75,83,1,-1,-1,-1
317,-1,257,535,217,257,1,-1,-1,-1
317,-1,1285,419,201,274,1,-1,-1,-1
317,-1,788,629,181,208,1,-1,-1,-1
317,-1,816,317,142,180,1,-1,-1,-1
317,-1,1109,234,95,116,1,-1,-1,-1
317,-1,801,57,72,89,1,-1,-1,-1
317,-1,860,158,101,117,1,-1,-1,-1
317,-1,899,120,75,83,1,-1,-1,-1
318,-1,257,535,217,257,1,-1,-1,-1
318,-1,1285,419,201,274,1,-1,-1,-1
318,-1,788,629,181,208,1,-1,-1,-1
318,-1,816,317,142,180,1,-1,-1,-1
318,-1,1109,234,95,116,1,-1,-1,-1
318,-1,801,57,72,89,1,-1,-1,-1
318,-1,860,158,101,117,1,-1,-1,-1
318,-1,899,120,75,83,1,-1,-1,-1
319,-1,1287,453,207,257,1,-1,-1,-1
319,-1,726,646,201,226,1,-1,-1,-1
319,-1,193,559,245,244,1,-1,-1,-1
319,-1,1115,232,92,117,1,-1,-1,-1
319,-1,798,331,162,196,1,-1,-1,-1
319,-1,864,153,96,113,1,-1,-1,-1
319,-1,823,69,70,85,1,-1,-1,-1
319,-1,905,135,60,68,1,-1,-1,-1
320,-1,1287,453,207,257,1,-1,-1,-1
320,-1,726,646,201,226,1,-1,-1,-1
320,-1,193,559,245,244,1,-1,-1,-1
320,-1,1115,232,92,117,1,-1,-1,-1
320,-1,798,331,162,196,1,-1,-1,-1
320,-1,864,153,96,113,1,-1,-1,-1
320,-1,823,69,70,85,1,-1,-1,-1
320,-1,905,135,60,68,1,-1,-1,-1
321,-1,1287,453,207,257,1,-1,-1,-1
321,-1,726,646,201,226,1,-1,-1,-1
321,-1,193,559,245,244,1,-1,-1,-1
321,-1,1115,232,92,117,1,-1,-1,-1
321,-1,798,331,162,196,1,-1,-1,-1
321,-1,864,153,96,113,1,-1,-1,-1
321,-1,823,69,70,85,1,-1,-1,-1
321,-1,905,135,60,68,1,-1,-1,-1
322,-1,1271,440,222,283,1,-1,-1,-1
322,-1,648,689,216,251,1,-1,-1,-1
322,-1,124,579,236,284,1,-1,-1,-1
322,-1,778,344,151,203,1,-1,-1,-1
322,-1,835,75,102,108,1,-1,-1,-1
322,-1,1123,243,90,113,1,-1,-1,-1
322,-1,857,158,101,116,1,-1,-1,-1
322,-1,899,114,90,98,1,-1,-1,-1
323,-1,1271,440,222,283,1,-1,-1,-1
323,-1,648,689,216,251,1,-1,-1,-1
323,-1,124,579,236,284,1,-1,-1,-1
323,-1,778,344,151,203,1,-1,-1,-1
323,-1,835,75,102,108,1,-1,-1,-1
323,-1,1123,243,90,113,1,-1,-1,-1
323,-1,857,158,101,116,1,-1,-1,-1
323,-1,899,114,90,98,1,-1,-1,-1
324,-1,1271,440,222,283,1,-1,-1,-1
324,-1,648,689,216,251,1,-1,-1,-1
324,-1,124,579,236,284,1,-1,-1,-1
324,-1,778,344,151,203,1,-1,-1,-1
324,-1,835,75,102,108,1,-1,-1,-1
324,-1,1123,243,90,113,1,-1,-1,-1
324,-1,857,158,101,116,1,-1,-1,-1
324,-1,899,114,90,98,1,-1,-1,-1
325,-1,550,708,230,267,1,-1,-1,-1
325,-1,1226,463,240,296,1,-1,-1,-1
325,-1,745,338,171,218,1,-1,-1,-1
325,-1,50,617,230,266,1,-1,-1,-1
325,-1,1104,248,97,120,1,-1,-1,-1
325,-1,865,86,70,74,1,-1,-1,-1
325,-1,869,173,95,122,1,-1,-1,-1
325,-1,903,117,80,85,1,-1,-1,-1
326,-1,550,708,230,267,1,-1,-1,-1
326,-1,1226,463,240,296,1,-1,-1,-1
326,-1,745,338,171,218,1,-1,-1,-1
326,-1,50,617,230,266,1,-1,-1,-1
326,-1,1104,248,97,120,1,-1,-1,-1
326,-1,865,86,70,74,1,-1,-1,-1
326,-1,869,173,95,122,1,-1,-1,-1
326,-1,903,117,80,85,1,-1,-1,-1
327,-1,550,708,230,267,1,-1,-1,-1
327,-1,1226,463,240,296,1,-1,-1,-1
327,-1,745,338,171,218,1,-1,-1,-1
327,-1,50,617,230,266,1,-1,-1,-1
327,-1,1104,248,97,120,1,-1,-1,-1
327,-1,865,86,70,74,1,-1,-1,-1
327,-1,869,173,95,122,1,-1,-1,-1
327,-1,903,117,80,85,1,-1,-1,-1
328,-1,1174,516,241,285,1,-1,-1,-1
328,-1,720,372,165,194,1,-1,-1,-1
328,-1,0,629,251,307,1,-1,-1,-1
328,-1,447,702,257,292,1,-1,-1,-1
328,-1,870,174,111,131,1,-1,-1,-1
328,-1,1104,275,97,116,1,-1,-1,-1
328,-1,898,112,95,108,1,-1,-1,-1
329,-1,1174,516,241,285,1,-1,-1,-1
329,-1,720,372,165,194,1,-1,-1,-1
329,-1,0,629,251,307,1,-1,-1,-1
329,-1,447,702,257,292,1,-1,-1,-1
329,-1,870,174,111,131,1,-1,-1,-1
329,-1,1104,275,97,116,1,-1,-1,-1
329,-1,898,112,95,108,1,-1,-1,-1
330,-1,1174,516,241,285,1,-1,-1,-1
330,-1,720,372,165,194,1,-1,-1,-1
330,-1,0,629,251,307,1,-1,-1,-1
330,-1,447,702,257,292,1,-1,-1,-1
330,-1,870,174,111,131,1,-1,-1,-1
330,-1,1104,275,97,116,1,-1,-1,-1
330,-1,898,112,95,108,1,-1,-1,-1
331,-1,1090,539,271,321,1,-1,-1,-1
331,-1,348,742,256,306,1,-1,-1,-1
331,-1,676,386,171,212,1,-1,-1,-1
331,-1,905,84,86,88,1,-1,-1,-1
331,-1,1093,294,82,109,1,-1,-1,-1
331,-1,885,182,111,125,1,-1,-1,-1
331,-1,917,125,91,114,1,-1,-1,-1
332,-1,1090,539,271,321,1,-1,-1,-1
332,-1,348,742,256,306,1,-1,-1,-1
332,-1,676,386,171,212,1,-1,-1,-1
332,-1,905,84,86,88,1,-1,-1,-1
332,-1,1093,294,82,109,1,-1,-1,-1
332,-1,885,182,111,125,1,-1,-1,-1
332,-1,917,125,91,114,1,-1,-1,-1
333,-1,1090,539,271,321,1,-1,-1,-1
333,-1,348,742,256,306,1,-1,-1,-1
333,-1,676,386,171,212,1,-1,-1,-1
333,-1,905,84,86,88,1,-1,-1,-1
333,-1,1093,294,82,109,1,-1,-1,-1
333,-1,885,182,111,125,1,-1,-1,-1
333,-1,917,125,91,114,1,-1,-1,-1
334,-1,1022,548,287,332,1,-1,-1,-1
334,-1,638,419,176,205,1,-1,-1,-1
334,-1,241,812,255,267,1,-1,-1,-1
334,-1,888,173,117,137,1,-1,-1,-1
334,-1,915,82,85,91,1,-1,-1,-1
334,-1,1071,273,102,137,1,-1,-1,-1
334,-1,929,128,101,117,1,-1,-1,-1
335,-1,1022,548,287,332,1,-1,-1,-1
335,-1,638,419,176,205,1,-1,-1,-1
335,-1,241,812,255,267,1,-1,-1,-1
335,-1,888,173,117,137,1,-1,-1,-1
335,-1,915,82,85,91,1,-1,-1,-1
335,-1,1071,273,102,137,1,-1,-1,-1
335,-1,929,128,101,117,1,-1,-1,-1
336,-1,1022,548,287,332,1,-1,-1,-1
336,-1,638,419,176,205,1,-1,-1,-1
336,-1,241,812,255,267,1,-1,-1,-1
336,-1,888,173,117,137,1,-1,-1,-1
336,-1,915,82,85,91,1,-1,-1,-1
336,-1,1071,273,102,137,1,-1,-1,-1
336,-1,929,128,101,117,1,-1,-1,-1
337,-1,977,568,280,340,1,-1,-1,-1
337,-1,885,175,122,152,1,-1,-1,-1
337,-1,575,415,180,225,1,-1,-1,-1
337,-1,1054,289,106,132,1,-1,-1,-1
337,-1,105,860,312,219,1,-1,-1,-1
337,-1,945,134,72,99,1,-1,-1,-1
337,-1,924,86,75,83,1,-1,-1,-1
338,-1,977,568,280,340,1,-1,-1,-1
338,-1,885,175,122,152,1,-1,-1,-1
338,-1,575,415,180,225,1,-1,-1,-1
338,-1,1054,289,106,132,1,-1,-1,-1
338,-1,105,860,312,219,1,-1,-1,-1
338,-1,945,134,72,99,1,-1,-1,-1
338,-1,924,86,75,83,1,-1,-1,-1
339,-1,977,568,280,340,1,-1,-1,-1
339,-1,885,175,122,152,1,-1,-1,-1
339,-1,575,415,180,225,1,-1,-1,-1
339,-1,1054,289,106,132,1,-1,-1,-1
339,-1,105,860,312,219,1,-1,-1,-1
339,-1,945,134,72,99,1,-1,-1,-1
339,-1,924,86,75,83,1,-1,-1,-1
340,-1,515,405,226,244,1,-1,-1,-1
340,-1,939,615,297,369,1,-1,-1,-1
340,-1,879,206,116,138,1,-1,-1,-1
340,-1,1040,303,110,132,1,-1,-1,-1
340,-1,927,139,100,117,1,-1,-1,-1
340,-1,933,91,77,88,1,-1,-1,-1
340,-1,3,862,297,217,1,-1,-1,-1
341,-1,515,405,226,244,1,-1,-1,-1
341,-1,939,615,297,369,1,-1,-1,-1
341,-1,879,206,116,138,1,-1,-1,-1
341,-1,1040,303,110,132,1,-1,-1,-1
341,-1,927,139,100,117,1,-1,-1,-1
341,-1,933,91,77,88,1,-1,-1,-1
341,-1,3,862,297,217,1,-1,-1,-1
342,-1,515,405,226,244,1,-1,-1,-1
342,-1,939,615,297,369,1,-1,-1,-1
342,-1,879,206,116,138,1,-1,-1,-1
342,-1,1040,303,110,132,1,-1,-1,-1
342,-1,927,139,100,117,1,-1,-1,-1
342,-1,933,91,77,88,1,-1,-1,-1
342,-1,3,862,297,217,1,-1,-1,-1
343,-1,481,428,212,234,1,-1,-1,-1
343,-1,903,684,281,372,1,-1,-1,-1
343,-1,866,209,126,145,1,-1,-1,-1
343,-1,933,147,86,99,1,-1,-1,-1
343,-1,1028,310,126,149,1,-1,-1,-1
343,-1,926,88,90,91,1,-1,-1,-1
344,-1,481,428,212,234,1,-1,-1,-1
344,-1,903,684,281,372,1,-1,-1,-1
344,-1,866,209,126,145,1,-1,-1,-1
344,-1,933,147,86,99,1,-1,-1,-1
344,-1,1028,310,126,149,1,-1,-1,-1
344,-1,926,88,90,91,1,-1,-1,-1
345,-1,481,428,212,234,1,-1,-1,-1
345,-1,903,684,281,372,1,-1,-1,-1
345,-1,866,209,126,145,1,-1,-1,-1
345,-1,933,147,86,99,1,-1,-1,-1
345,-1,1028,310,126,149,1,-1,-1,-1
345,-1,926,88,90,91,1,-1,-1,-1
346,-1,456,473,175,248,1,-1,-1,-1
346,-1,798,714,341,365,1,-1,-1,-1
346,-1,1029,331,112,129,1,-1,-1,-1
346,-1,860,224,115,138,1,-1,-1,-1
346,-1,937,84,85,96,1,-1,-1,-1
346,-1,932,164,72,91,1,-1,-1,-1
347,-1,456,473,175,248,1,-1,-1,-1
347,-1,798,714,341,365,1,-1,-1,-1
347,-1,1029,331,112,129,1,-1,-1,-1
347,-1,860,224,115,138,1,-1,-1,-1
347,-1,937,84,85,96,1,-1,-1,-1
347,-1,932,164,72,91,1,-1,-1,-1
348,-1,456,473,175,248,1,-1,-1,-1
348,-1,798,714,341,365,1,-1,-1,-1
348,-1,1029,331,112,129,1,-1,-1,-1
348,-1,860,224,115,138,1,-1,-1,-1
348,-1,937,84,85,96,1,-1,-1,-1
348,-1,932,164,72,91,1,-1,-1,-1
349,-1,400,491,195,250,1,-1,-1,-1
349,-1,695,726,355,353,1,-1,-1,-1
349,-1,1013,323,121,137,1,-1,-1,-1
349,-1,940,94,95,101,1,-1,-1,-1
349,-1,930,150,77,92,1,-1,-1,-1
349,-1,843,207,130,154,1,-1,-1,-1
350,-1,400,491,195,250,1,-1,-1,-1
350,-1,695,726,355,353,1,-1,-1,-1
350,-1,1013,323,121,137,1,-1,-1,-1
350,-1,940,94,95,101,1,-1,-1,-1
350,-1,930,150,77,92,1,-1,-1,-1
350,-1,843,207,130,154,1,-1,-1,-1
351,-1,400,491,195,250,1,-1,-1,-1
351,-1,695,726,355,353,1,-1,-1,-1
351,-1,1013,323,121,137,1,-1,-1,-1
351,-1,940,94,95,101,1,-1,-1,-1
351,-1,930,150,77,92,1,-1,-1,-1
351,-1,843,207,130,154,1,-1,-1,-1
352,-1,344,492,202,253,1,-1,-1,-1
352,-1,827,224,116,144,1,-1,-1,-1
352,-1,1004,342,120,125,1,-1,-1,-1
352,-1,911,147,95,112,1,-1,-1,-1
352,-1,509,805,482,274,1,-1,-1,-1
352,-1,955,104,91,105,1,-1,-1,-1
353,-1,344,492,202,253,1,-1,-1,-1
353,-1,827,224,116,144,1,-1,-1,-1
353,-1,1004,342,120,125,1,-1,-1,-1
353,-1,911,147,95,112,1,-1,-1,-1
353,-1,509,805,482,274,1,-1,-1,-1
353,-1,955,104,91,105,1,-1,-1,-1
354,-1,344,492,202,253,1,-1,-1,-1
354,-1,827,224,116,144,1,-1,-1,-1
354,-1,1004,342,120,125,1,-1,-1,-1
354,-1,911,147,95,112,1,-1,-1,-1
354,-1,509,805,482,274,1,-1,-1,-1
354,-1,955,104,91,105,1,-1,-1,-1
355,-1,269,520,216,265,1,-1,-1,-1
355,-1,990,347,127,149,1,-1,-1,-1
355,-1,831,225,131,155,1,-1,-1,-1
355,-1,966,108,92,105,1,-1,-1,-1
355,-1,915,169,106,125,1,-1,-1,-1
355,-1,790,87,41,61,1,-1,-1,-1
356,-1,269,520,216,265,1,-1,-1,-1
356,-1,990,347,127,149,1,-1,-1,-1
356,-1,831,225,131,155,1,-1,-1,-1
356,-1,966,108,92,105,1,-1,-1,-1
356,-1,915,169,106,125,1,-1,-1,-1
356,-1,790,87,41,61,1,-1,-1,-1
357,-1,269,520,216,265,1,-1,-1,-1
357,-1,990,347,127,149,1,-1,-1,-1
357,-1,831,225,131,155,1,-1,-1,-1
357,-1,966,108,92,105,1,-1,-1,-1
357,-1,915,169,106,125,1,-1,-1,-1
357,-1,790,87,41,61,1,-1,-1,-1
358,-1,963,365,141,163,1,-1,-1,-1
358,-1,196,572,217,267,1,-1,-1,-1
358,-1,832,231,135,164,1,-1,-1,-1
358,-1,972,106,92,105,1,-1,-1,-1
358,-1,923,173,101,113,1,-1,-1,-1
358,-1,779,76,56,81,1,-1,-1,-1
359,-1,963,365,141,163,1,-1,-1,-1
359,-1,196,572,217,267,1,-1,-1,-1
359,-1,832,231,135,164,1,-1,-1,-1
359,-1,972,106,92,105,1,-1,-1,-1
359,-1,923,173,101,113,1,-1,-1,-1
359,-1,779,76,56,81,1,-1,-1,-1
360,-1,963,365,141,163,1,-1,-1,-1
360,-1,196,572,217,267,1,-1,-1,-1
360,-1,832,231,135,164,1,-1,-1,-1
360,-1,972,106,92,105,1,-1,-1,-1
360,-1,923,173,101,113,1,-1,-1,-1
360,-1,779,76,56,81,1,-1,-1,-1
361,-1,112,601,225,273,1,-1,-1,-1
361,-1,827,226,147,178,1,-1,-1,-1
361,-1,959,383,120,148,1,-1,-1,-1
361,-1,946,191,87,104,1,-1,-1,-1
361,-1,985,103,77,97,1,-1,-1,-1
361,-1,789,76,66,83,1,-1,-1,-1
362,-1,112,601,225,273,1,-1,-1,-1
362,-1,827,226,147,178,1,-1,-1,-1
362,-1,959,383,120,148,1,-1,-1,-1
362,-1,946,191,87,104,1,-1,-1,-1
362,-1,985,103,77,97,1,-1,-1,-1
362,-1,789,76,66,83,1,-1,-1,-1
363,-1,112,601,225,273,1,-1,-1,-1
363,-1,827,226,147,178,1,-1,-1,-1
363,-1,959,383,120,148,1,-1,-1,-1
363,-1,946,191,87,104,1,-1,-1,-1
363,-1,985,103,77,97,1,-1,-1,-1
363,-1,789,76,66,83,1,-1,-1,-1
364,-1,19,602,240,300,1,-1,-1,-1
364,-1,942,373,147,164,1,-1,-1,-1
364,-1,806,82,61,89,1,-1,-1,-1
364,-1,811,227,141,192,1,-1,-1,-1
364,-1,991,124,72,88,1,-1,-1,-1
364,-1,949,186,95,114,1,-1,-1,-1
365,-1,19,602,240,300,1,-1,-1,-1
365,-1,942,373,147,164,1,-1,-1,-1
365,-1,806,82,61,89,1,-1,-1,-1
365,-1,811,227,141,192,1,-1,-1,-1
365,-1,991,124,72,88,1,-1,-1,-1
365,-1,949,186,95,114,1,-1,-1,-1
366,-1,19,602,240,300,1,-1,-1,-1
366,-1,942,373,147,164,1,-1,-1,-1
366,-1,806,82,61,89,1,-1,-1,-1
366,-1,811,227,141,192,1,-1,-1,-1
366,-1,991,124,72,88,1,-1,-1,-1
366,-1,949,186,95,114,1,-1,-1,-1
367,-1,0,634,232,304,1,-1,-1,-1
367,-1,780,255,151,177,1,-1,-1,-1
367,-1,945,399,132,157,1,-1,-1,-1
367,-1,832,82,66,82,1,-1,-1,-1
367,-1,974,121,86,97,1,-1,-1,-1
367,-1,954,208,87,105,1,-1,-1,-1
368,-1,0,634,232,304,1,-1,-1,-1
368,-1,780,255,151,177,1,-1,-1,-1
368,-1,945,399,132,157,1,-1,-1,-1
368,-1,832,82,66,82,1,-1,-1,-1
368,-1,974,121,86,97,1,-1,-1,-1
368,-1,954,208,87,105,1,-1,-1,-1
369,-1,0,634,232,304,1,-1,-1,-1
369,-1,780,255,151,177,1,-1,-1,-1
369,-1,945,399,132,157,1,-1,-1,-1
369,-1,832,82,66,82,1,-1,-1,-1
369,-1,974,121,86,97,1,-1,-1,-1
369,-1,954,208,87,105,1,-1,-1,-1
370,-1,944,422,141,168,1,-1,-1,-1
370,-1,743,276,152,173,1,-1,-1,-1
370,-1,858,85,66,82,1,-1,-1,-1
370,-1,977,119,87,104,1,-1,-1,-1
370,-1,932,192,101,120,1,-1,-1,-1
371,-1,944,422,141,168,1,-1,-1,-1
371,-1,743,276,152,173,1,-1,-1,-1
371,-1,858,85,66,82,1,-1,-1,-1
371,-1,977,119,87,104,1,-1,-1,-1
371,-1,932,192,101,120,1,-1,-1,-1
372,-1,944,422,141,168,1,-1,-1,-1
372,-1,743,276,152,173,1,-1,-1,-1
372,-1,858,85,66,82,1,-1,-1,-1
372,-1,977,119,87,104,1,-1,-1,-1
372,-1,932,192,101,120,1,-1,-1,-1
373,-1,699,275,157,188,1,-1,-1,-1
373,-1,928,429,156,189,1,-1,-1,-1
373,-1,881,80,70,82,1,-1,-1,-1
373,-1,983,124,85,105,1,-1,-1,-1
373,-1,930,210,102,122,1,-1,-1,-1
374,-1,699,275,157,188,1,-1,-1,-1
374,-1,928,429,156,189,1,-1,-1,-1
374,-1,881,80,70,82,1,-1,-1,-1
374,-1,983,124,85,105,1,-1,-1,-1
374,-1,930,210,102,122,1,-1,-1,-1
375,-1,699,275,157,188,1,-1,-1,-1
375,-1,928,429,156,189,1,-1,-1,-1
375,-1,881,80,70,82,1,-1,-1,-1
375,-1,983,124,85,105,1,-1,-1,-1
375,-1,930,210,102,122,1,-1,-1,-1
376,-1,931,433,160,184,1,-1,-1,-1
376,-1,652,266,162,186,1,-1,-1,-1
376,-1,901,82,70,83,1,-1,-1,-1
376,-1,936,206,111,128,1,-1,-1,-1
376,-1,981,121,102,123,1,-1,-1,-1
377,-1,931,433,160,184,1,-1,-1,-1
377,-1,652,266,162,186,1,-1,-1,-1
377,-1,901,82,70,83,1,-1,-1,-1
377,-1,936,206,111,128,1,-1,-1,-1
377,-1,981,121,102,123,1,-1,-1,-1
378,-1,931,433,160,184,1,-1,-1,-1
378,-1,652,266,162,186,1,-1,-1,-1
378,-1,901,82,70,83,1,-1,-1,-1
378,-1,936,206,111,128,1,-1,-1,-1
378,-1,981,121,102,123,1,-1,-1,-1
379,-1,611,275,170,195,1,-1,-1,-1
379,-1,909,444,175,194,1,-1,-1,-1
379,-1,915,82,72,89,1,-1,-1,-1
379,-1,936,212,105,122,1,-1,-1,-1
379,-1,1010,143,75,106,1,-1,-1,-1
380,-1,611,275,170,195,1,-1,-1,-1
380,-1,909,444,175,194,1,-1,-1,-1
380,-1,915,82,72,89,1,-1,-1,-1
380,-1,936,212,105,122,1,-1,-1,-1
380,-1,1010,143,75,106,1,-1,-1,-1
381,-1,611,275,170,195,1,-1,-1,-1
381,-1,909,444,175,194,1,-1,-1,-1
381,-1,915,82,72,89,1,-1,-1,-1
381,-1,936,212,105,122,1,-1,-1,-1
381,-1,1010,143,75,106,1,-1,-1,-1
382,-1,583,297,170,194,1,-1,-1,-1
382,-1,947,233,105,125,1,-1,-1,-1
382,-1,880,480,182,202,1,-1,-1,-1
382,-1,1010,144,91,108,1,-1,-1,-1
382,-1,919,87,75,93,1,-1,-1,-1
383,-1,583,297,170,194,1,-1,-1,-1
383,-1,947,233,105,125,1,-1,-1,-1
383,-1,880,480,182,202,1,-1,-1,-1
383,-1,1010,144,91,108,1,-1,-1,-1
383,-1,919,87,75,93,1,-1,-1,-1
384,-1,583,297,170,194,1,-1,-1,-1
384,-1,947,233,105,125,1,-1,-1,-1
384,-1,880,480,182,202,1,-1,-1,-1
384,-1,1010,144,91,108,1,-1,-1,-1
384,-1,919,87,75,93,1,-1,-1,-1
385,-1,552,319,167,205,1,-1,-1,-1
385,-1,907,100,76,97,1,-1,-1,-1
385,-1,825,504,200,225,1,-1,-1,-1
385,-1,1008,136,101,122,1,-1,-1,-1
385,-1,961,240,116,136,1,-1,-1,-1
386,-1,552,319,167,205,1,-1,-1,-1
386,-1,907,100,76,97,1,-1,-1,-1
386,-1,825,504,200,225,1,-1,-1,-1
386,-1,1008,136,101,122,1,-1,-1,-1
386,-1,961,240,116,136,1,-1,-1,-1
387,-1,552,319,167,205,1,-1,-1,-1
387,-1,907,100,76,97,1,-1,-1,-1
387,-1,825,504,200,225,1,-1,-1,-1
387,-1,1008,136,101,122,1,-1,-1,-1
387,-1,961,240,116,136,1,-1,-1,-1
388,-1,497,329,196,208,1,-1,-1,-1
388,-1,787,533,190,196,1,-1,-1,-1
388,-1,972,233,122,145,1,-1,-1,-1
388,-1,906,98,72,89,1,-1,-1,-1
388,-1,1015,134,105,124,1,-1,-1,-1
389,-1,497,329,196,208,1,-1,-1,-1
389,-1,787,533,190,196,1,-1,-1,-1
389,-1,972,233,122,145,1,-1,-1,-1
389,-1,906,98,72,89,1,-1,-1,-1
389,-1,1015,134,105,124,1,-1,-1,-1
390,-1,497,329,196,208,1,-1,-1,-1
390,-1,787,533,190,196,1,-1,-1,-1
390,-1,972,233,122,145,1,-1,-1,-1
390,-1,906,98,72,89,1,-1,-1,-1
390,-1,1015,134,105,124,1,-1,-1,-1
391,-1,734,534,212,221,1,-1,-1,-1
391,-1,460,316,191,216,1,-1,-1,-1
391,-1,984,232,120,140,1,-1,-1,-1
391,-1,912,98,72,85,1,-1,-1,-1
391,-1,1004,155,127,122,1,-1,-1,-1
392,-1,734,534,212,221,1,-1,-1,-1
392,-1,460,316,191,216,1,-1,-1,-1
392,-1,984,232,120,140,1,-1,-1,-1
392,-1,912,98,72,85,1,-1,-1,-1
392,-1,1004,155,127,122,1,-1,-1,-1
393,-1,734,534,212,221,1,-1,-1,-1
393,-1,460,316,191,216,1,-1,-1,-1
393,-1,984,232,120,140,1,-1,-1,-1
393,-1,912,98,72,85,1,-1,-1,-1
393,-1,1004,155,127,122,1,-1,-1,-1
394,-1,387,342,197,217,1,-1,-1,-1
394,-1,705,550,207,241,1,-1,-1,-1
394,-1,981,266,111,128,1,-1,-1,-1
394,-1,926,95,71,89,1,-1,-1,-1
394,-1,784,47,61,82,1,-1,-1,-1
394,-1,1009,155,112,138,1,-1,-1,-1
395,-1,387,342,197,217,1,-1,-1,-1
395,-1,705,550,207,241,1,-1,-1,-1
395,-1,981,266,111,128,1,-1,-1,-1
395,-1,926,95,71,89,1,-1,-1,-1
395,-1,784,47,61,82,1,-1,-1,-1
395,-1,1009,155,112,138,1,-1,-1,-1
396,-1,387,342,197,217,1,-1,-1,-1
396,-1,705,550,207,241,1,-1,-1,-1
396,-1,981,266,111,128,1,-1,-1,-1
396,-1,926,95,71,89,1,-1,-1,-1
396,-1,784,47,61,82,1,-1,-1,-1
396,-1,1009,155,112,138,1,-1,-1,-1
397,-1,324,355,187,209,1,-1,-1,-1
397,-1,658,580,220,250,1,-1,-1,-1
397,-1,973,273,121,146,1,-1,-1,-1
397,-1,943,110,72,83,1,-1,-1,-1
397,-1,1008,149,115,149,1,-1,-1,-1
397,-1,802,45,65,83,1,-1,-1,-1
398,-1,324,355,187,209,1,-1,-1,-1
398,-1,658,580,220,250,1,-1,-1,-1
398,-1,973,273,121,146,1,-1,-1,-1
398,-1,943,110,72,83,1,-1,-1,-1
398,-1,1008,149,115,149,1,-1,-1,-1
398,-1,802,45,65,83,1,-1,-1,-1
399,-1,324,355,187,209,1,-1,-1,-1
399,-1,658,580,220,250,1,-1,-1,-1
399,-1,973,273,121,146,1,-1,-1,-1
399,-1,943,110,72,83,1,-1,-1,-1
399,-1,1008,149,115,149,1,-1,-1,-1
399,-1,802,45,65,83,1,-1,-1,-1
400,-1,252,379,190,221,1,-1,-1,-1
400,-1,632,611,191,249,1,-1,-1,-1
400,-1,1027,176,97,129,1,-1,-1,-1
400,-1,959,269,117,139,1,-1,-1,-1
400,-1,943,103,85,93,1,-1,-1,-1
400,-1,825,54,67,74,1,-1,-1,-1
401,-1,252,379,190,221,1,-1,-1,-1
401,-1,632,611,191,249,1,-1,-1,-1
401,-1,1027,176,97,129,1,-1,-1,-1
401,-1,959,269,117,139,1,-1,-1,-1
401,-1,943,103,85,93,1,-1,-1,-1
401,-1,825,54,67,74,1,-1,-1,-1
402,-1,252,379,190,221,1,-1,-1,-1
402,-1,632,611,191,249,1,-1,-1,-1
402,-1,1027,176,97,129,1,-1,-1,-1
402,-1,959,269,117,139,1,-1,-1,-1
402,-1,943,103,85,93,1,-1,-1,-1
402,-1,825,54,67,74,1,-1,-1,-1
403,-1,177,369,200,241,1,-1,-1,-1
403,-1,550,621,235,269,1,-1,-1,-1
403,-1,962,109,86,107,1,-1,-1,-1
403,-1,955,271,125,138,1,-1,-1,-1
403,-1,1026,183,106,128,1,-1,-1,-1
403,-1,834,53,66,76,1,-1,-1,-1
404,-1,177,369,200,241,1,-1,-1,-1
404,-1,550,621,235,269,1,-1,-1,-1
404,-1,962,109,86,107,1,-1,-1,-1
404,-1,955,271,125,138,1,-1,-1,-1
404,-1,1026,183,106,128,1,-1,-1,-1
404,-1,834,53,66,76,1,-1,-1,-1
405,-1,177,369,200,241,1,-1,-1,-1
405,-1,550,621,235,269,1,-1,-1,-1
405,-1,962,109,86,107,1,-1,-1,-1
405,-1,955,271,125,138,1,-1,-1,-1
405,-1,1026,183,106,128,1,-1,-1,-1
405,-1,834,53,66,76,1,-1,-1,-1
406,-1,459,642,252,277,1,-1,-1,-1
406,-1,107,379,201,245,1,-1,-1,-1
406,-1,1028,184,115,140,1,-1,-1,-1
406,-1,947,292,130,144,1,-1,-1,-1
406,-1,965,109,80,107,1,-1,-1,-1
406,-1,850,54,71,83,1,-1,-1,-1
407,-1,459,642,252,277,1,-1,-1,-1
407,-1,107,379,201,245,1,-1,-1,-1
407,-1,1028,184,115,140,1,-1,-1,-1
407,-1,947,292,130,144,1,-1,-1,-1
407,-1,965,109,80,107,1,-1,-1,-1
407,-1,850,54,71,83,1,-1,-1,-1
408,-1,459,642,252,277,1,-1,-1,-1
408,-1,107,379,201,245,1,-1,-1,-1
408,-1,1028,184,115,140,1,-1,-1,-1
408,-1,947,292,130,144,1,-1,-1,-1
408,-1,965,109,80,107,1,-1,-1,-1
408,-1,850,54,71,83,1,-1,-1,-1
409,-1,41,408,206,241,1,-1,-1,-1
409,-1,357,687,257,291,1,-1,-1,-1
409,-1,940,307,137,165,1,-1,-1,-1
409,-1,1050,202,100,133,1,-1,-1,-1
409,-1,967,129,77,82,1,-1,-1,-1
409,-1,868,50,67,82,1,-1,-1,-1
410,-1,41,408,206,241,1,-1,-1,-1
410,-1,357,687,257,291,1,-1,-1,-1
410,-1,940,307,137,165,1,-1,-1,-1
410,-1,1050,202,100,133,1,-1,-1,-1
410,-1,967,129,77,82,1,-1,-1,-1
410,-1,868,50,67,82,1,-1,-1,-1
411,-1,41,408,206,241,1,-1,-1,-1
411,-1,357,687,257,291,1,-1,-1,-1
411,-1,940,307,137,165,1,-1,-1,-1
411,-1,1050,202,100,133,1,-1,-1,-1
411,-1,967,129,77,82,1,-1,-1,-1
411,-1,868,50,67,82,1,-1,-1,-1
412,-1,0,433,220,250,1,-1,-1,-1
412,-1,884,52,71,82,1,-1,-1,-1
412,-1,239,728,297,289,1,-1,-1,-1
412,-1,1052,198,102,133,1,-1,-1,-1
412,-1,961,131,67,92,1,-1,-1,-1
412,-1,935,315,151,165,1,-1,-1,-1
413,-1,0,433,220,250,1,-1,-1,-1
413,-1,884,52,71,82,1,-1,-1,-1
413,-1,239,728,297,289,1,-1,-1,-1
413,-1,1052,198,102,133,1,-1,-1,-1
413,-1,961,131,67,92,1,-1,-1,-1
413,-1,935,315,151,165,1,-1,-1,-1
414,-1,0,433,220,250,1,-1,-1,-1
414,-1,884,52,71,82,1,-1,-1,-1
414,-1,239,728,297,289,1,-1,-1,-1
414,-1,1052,198,102,133,1,-1,-1,-1
414,-1,961,131,67,92,1,-1,-1,-1
414,-1,935,315,151,165,1,-1,-1,-1
415,-1,936,311,142,179,1,-1,-1,-1
415,-1,0,452,177,259,1,-1,-1,-1
415,-1,133,758,297,274,1,-1,-1,-1
415,-1,1046,210,107,117,1,-1,-1,-1
415,-1,892,54,87,96,1,-1,-1,-1
415,-1,934,124,80,99,1,-1,-1,-1
416,-1,936,311,142,179,1,-1,-1,-1
416,-1,0,452,177,259,1,-1,-1,-1
416,-1,133,758,297,274,1,-1,-1,-1
416,-1,1046,210,107,117,1,-1,-1,-1
416,-1,892,54,87,96,1,-1,-1,-1
416,-1,934,124,80,99,1,-1,-1,-1
417,-1,936,311,142,179,1,-1,-1,-1
417,-1,0,452,177,259,1,-1,-1,-1
417,-1,133,758,297,274,1,-1,-1,-1
417,-1,1046,210,107,117,1,-1,-1,-1
417,-1,892,54,87,96,1,-1,-1,-1
417,-1,934,124,80,99,1,-1,-1,-1
418,-1,8,768,301,306,1,-1,-1,-1
418,-1,1032,220,107,130,1,-1,-1,-1
418,-1,937,329,135,171,1,-1,-1,-1
418,-1,924,112,77,98,1,-1,-1,-1
418,-1,904,59,81,90,1,-1,-1,-1
419,-1,8,768,301,306,1,-1,-1,-1
419,-1,1032,220,107,130,1,-1,-1,-1
419,-1,937,329,135,171,1,-1,-1,-1
419,-1,924,112,77,98,1,-1,-1,-1
419,-1,904,59,81,90,1,-1,-1,-1
420,-1,8,768,301,306,1,-1,-1,-1
420,-1,1032,220,107,130,1,-1,-1,-1
420,-1,937,329,135,171,1,-1,-1,-1
420,-1,924,112,77,98,1,-1,-1,-1
420,-1,904,59,81,90,1,-1,-1,-1
421,-1,1008,216,121,148,1,-1,-1,-1
421,-1,894,345,147,185,1,-1,-1,-1
421,-1,0,810,230,269,1,-1,-1,-1
421,-1,917,113,81,97,1,-1,-1,-1
421,-1,930,67,70,76,1,-1,-1,-1
422,-1,1008,216,121,148,1,-1,-1,-1
422,-1,894,345,147,185,1,-1,-1,-1
422,-1,0,810,230,269,1,-1,-1,-1
422,-1,917,113,81,97,1,-1,-1,-1
422,-1,930,67,70,76,1,-1,-1,-1
423,-1,1008,216,121,148,1,-1,-1,-1
423,-1,894,345,147,185,1,-1,-1,-1
423,-1,0,810,230,269,1,-1,-1,-1
423,-1,917,113,81,97,1,-1,-1,-1
423,-1,930,67,70,76,1,-1,-1,-1
424,-1,842,359,161,189,1,-1,-1,-1
424,-1,994,203,117,155,1,-1,-1,-1
424,-1,913,128,81,99,1,-1,-1,-1
424,-1,959,67,76,83,1,-1,-1,-1
425,-1,842,359,161,189,1,-1,-1,-1
425,-1,994,203,117,155,1,-1,-1,-1
425,-1,913,128,81,99,1,-1,-1,-1
425,-1,959,67,76,83,1,-1,-1,-1
426,-1,842,359,161,189,1,-1,-1,-1
426,-1,994,203,117,155,1,-1,-1,-1
426,-1,913,128,81,99,1,-1,-1,-1
426,-1,959,67,76,83,1,-1,-1,-1
427,-1,804,367,157,188,1,-1,-1,-1
427,-1,991,207,132,164,1,-1,-1,-1
427,-1,964,61,80,89,1,-1,-1,-1
427,-1,922,142,81,97,1,-1,-1,-1
427,-1,789,67,50,67,1,-1,-1,-1
428,-1,804,367,157,188,1,-1,-1,-1
428,-1,991,207,132,164,1,-1,-1,-1
428,-1,964,61,80,89,1,-1,-1,-1
428,-1,922,142,81,97,1,-1,-1,-1
428,-1,789,67,50,67,1,-1,-1,-1
429,-1,804,367,157,188,1,-1,-1,-1
429,-1,991,207,132,164,1,-1,-1,-1
429,-1,964,61,80,89,1,-1,-1,-1
429,-1,922,142,81,97,1,-1,-1,-1
429,-1,789,67,50,67,1,-1,-1,-1
430,-1,986,227,137,163,1,-1,-1,-1
430,-1,763,364,162,197,1,-1,-1,-1
430,-1,979,66,77,89,1,-1,-1,-1
430,-1,921,151,90,101,1,-1,-1,-1
430,-1,798,73,60,72,1,-1,-1,-1
431,-1,986,227,137,163,1,-1,-1,-1
431,-1,763,364,162,197,1,-1,-1,-1
431,-1,979,66,77,89,1,-1,-1,-1
431,-1,921,151,90,101,1,-1,-1,-1
431,-1,798,73,60,72,1,-1,-1,-1
432,-1,986,227,137,163,1,-1,-1,-1
432,-1,763,364,162,197,1,-1,-1,-1
432,-1,979,66,77,89,1,-1,-1,-1
432,-1,921,151,90,101,1,-1,-1,-1
432,-1,798,73,60,72,1,-1,-1,-1
433,-1,721,387,182,204,1,-1,-1,-1
433,-1,999,238,136,177,1,-1,-1,-1
433,-1,920,123,100,112,1,-1,-1,-1
433,-1,840,75,52,66,1,-1,-1,-1
433,-1,994,76,75,85,1,-1,-1,-1
434,-1,721,387,182,204,1,-1,-1,-1
434,-1,999,238,136,177,1,-1,-1,-1
434,-1,920,123,100,112,1,-1,-1,-1
434,-1,840,75,52,66,1,-1,-1,-1
434,-1,994,76,75,85,1,-1,-1,-1
435,-1,721,387,182,204,1,-1,-1,-1
435,-1,999,238,136,177,1,-1,-1,-1
435,-1,920,123,100,112,1,-1,-1,-1
435,-1,840,75,52,66,1,-1,-1,-1
435,-1,994,76,75,85,1,-1,-1,-1
436,-1,689,423,182,192,1,-1,-1,-1
436,-1,976,232,147,186,1,-1,-1,-1
436,-1,907,140,86,98,1,-1,-1,-1
436,-1,1009,100,71,83,1,-1,-1,-1
436,-1,845,78,76,75,1,-1,-1,-1
437,-1,689,423,182,192,1,-1,-1,-1
437,-1,976,232,147,186,1,-1,-1,-1
437,-1,907,140,86,98,1,-1,-1,-1
437,-1,1009,100,71,83,1,-1,-1,-1
437,-1,845,78,76,75,1,-1,-1,-1
438,-1,689,423,182,192,1,-1,-1,-1
438,-1,976,232,147,186,1,-1,-1,-1
438,-1,907,140,86,98,1,-1,-1,-1
438,-1,1009,100,71,83,1,-1,-1,-1
438,-1,845,78,76,75,1,-1,-1,-1
439,-1,653,423,190,202,1,-1,-1,-1
439,-1,967,247,137,171,1,-1,-1,-1
439,-1,896,141,102,120,1,-1,-1,-1
439,-1,874,75,61,67,1,-1,-1,-1
439,-1,1013,77,76,85,1,-1,-1,-1
440,-1,653,423,190,202,1,-1,-1,-1
440,-1,967,247,137,171,1,-1,-1,-1
440,-1,896,141,102,120,1,-1,-1,-1
440,-1,874,75,61,67,1,-1,-1,-1
440,-1,1013,77,76,85,1,-1,-1,-1
441,-1,653,423,190,202,1,-1,-1,-1
441,-1,967,247,137,171,1,-1,-1,-1
441,-1,896,141,102,120,1,-1,-1,-1
441,-1,874,75,61,67,1,-1,-1,-1
441,-1,1013,77,76,85,1,-1,-1,-1
442,-1,612,418,190,209,1,-1,-1,-1
442,-1,952,245,135,203,1,-1,-1,-1
442,-1,885,76,67,74,1,-1,-1,-1
442,-1,1026,76,77,89,1,-1,-1,-1
442,-1,886,174,87,107,1,-1,-1,-1
443,-1,612,418,190,209,1,-1,-1,-1
443,-1,952,245,135,203,1,-1,-1,-1
443,-1,885,76,67,74,1,-1,-1,-1
443,-1,1026,76,77,89,1,-1,-1,-1
443,-1,886,174,87,107,1,-1,-1,-1
444,-1,612,418,190,209,1,-1,-1,-1
444,-1,952,245,135,203,1,-1,-1,-1
444,-1,885,76,67,74,1,-1,-1,-1
444,-1,1026,76,77,89,1,-1,-1,-1
444,-1,886,174,87,107,1,-1,-1,-1
445,-1,551,452,206,225,1,-1,-1,-1
445,-1,912,288,166,184,1,-1,-1,-1
445,-1,869,161,97,115,1,-1,-1,-1
445,-1,886,80,81,90,1,-1,-1,-1
445,-1,1031,77,91,107,1,-1,-1,-1
446,-1,551,452,206,225,1,-1,-1,-1
446,-1,912,288,166,184,1,-1,-1,-1
446,-1,869,161,97,115,1,-1,-1,-1
446,-1,886,80,81,90,1,-1,-1,-1
446,-1,1031,77,91,107,1,-1,-1,-1
447,-1,551,452,206,225,1,-1,-1,-1
447,-1,912,288,166,184,1,-1,-1,-1
447,-1,869,161,97,115,1,-1,-1,-1
447,-1,886,80,81,90,1,-1,-1,-1
447,-1,1031,77,91,107,1,-1,-1,-1
448,-1,464,459,230,251,1,-1,-1,-1
448,-1,896,296,146,165,1,-1,-1,-1
448,-1,859,152,102,123,1,-1,-1,-1
448,-1,1054,103,82,91,1,-1,-1,-1
448,-1,900,87,65,74,1,-1,-1,-1
448,-1,782,64,75,90,1,-1,-1,-1
449,-1,464,459,230,251,1,-1,-1,-1
449,-1,896,296,146,165,1,-1,-1,-1
449,-1,859,152,102,123,1,-1,-1,-1
449,-1,1054,103,82,91,1,-1,-1,-1
449,-1,900,87,65,74,1,-1,-1,-1
449,-1,782,64,75,90,1,-1,-1,-1
450,-1,464,459,230,251,1,-1,-1,-1
450,-1,896,296,146,165,1,-1,-1,-1
450,-1,859,152,102,123,1,-1,-1,-1
450,-1,1054,103,82,91,1,-1,-1,-1
450,-1,900,87,65,74,1,-1,-1,-1
450,-1,782,64,75,90,1,-1,-1,-1
451,-1,393,468,221,250,1,-1,-1,-1
451,-1,865,289,157,173,1,-1,-1,-1
451,-1,868,161,97,120,1,-1,-1,-1
451,-1,1072,95,87,100,1,-1,-1,-1
451,-1,901,86,66,80,1,-1,-1,-1
451,-1,821,72,60,83,1,-1,-1,-1
452,-1,393,468,221,250,1,-1,-1,-1
452,-1,865,289,157,173,1,-1,-1,-1
452,-1,868,161,97,120,1,-1,-1,-1
452,-1,1072,95,87,100,1,-1,-1,-1
452,-1,901,86,66,80,1,-1,-1,-1
452,-1,821,72,60,83,1,-1,-1,-1
453,-1,393,468,221,250,1,-1,-1,-1
453,-1,865,289,157,173,1,-1,-1,-1
453,-1,868,161,97,120,1,-1,-1,-1
453,-1,1072,95,87,100,1,-1,-1,-1
453,-1,901,86,66,80,1,-1,-1,-1
453,-1,821,72,60,83,1,-1,-1,-1
454,-1,333,482,216,240,1,-1,-1,-1
454,-1,842,302,151,179,1,-1,-1,-1
454,-1,836,72,67,81,1,-1,-1,-1
454,-1,904,78,77,82,1,-1,-1,-1
454,-1,1102,104,75,105,1,-1,-1,-1
454,-1,873,173,102,116,1,-1,-1,-1
455,-1,333,482,216,240,1,-1,-1,-1
455,-1,842,302,151,179,1,-1,-1,-1
455,-1,836,72,67,81,1,-1,-1,-1
455,-1,904,78,77,82,1,-1,-1,-1
455,-1,1102,104,75,105,1,-1,-1,-1
455,-1,873,173,102,116,1,-1,-1,-1
456,-1,333,482,216,240,1,-1,-1,-1
456,-1,842,302,151,179,1,-1,-1,-1
456,-1,836,72,67,81,1,-1,-1,-1
456,-1,904,78,77,82,1,-1,-1,-1
456,-1,1102,104,75,105,1,-1,-1,-1
456,-1,873,173,102,116,1,-1,-1,-1
457,-1,260,512,220,251,1,-1,-1,-1
457,-1,890,185,106,125,1,-1,-1,-1
457,-1,806,322,155,196,1,-1,-1,-1
457,-1,1119,107,75,97,1,-1,-1,-1
457,-1,916,86,66,73,1,-1,-1,-1
457,-1,842,73,82,84,1,-1,-1,-1
458,-1,260,512,220,251,1,-1,-1,-1
458,-1,890,185,106,125,1,-1,-1,-1
458,-1,806,322,155,196,1,-1,-1,-1
458,-1,1119,107,75,97,1,-1,-1,-1
458,-1,916,86,66,73,1,-1,-1,-1
458,-1,842,73,82,84,1,-1,-1,-1
459,-1,260,512,220,251,1,-1,-1,-1
459,-1,890,185,106,125,1,-1,-1,-1
459,-1,806,322,155,196,1,-1,-1,-1
459,-1,1119,107,75,97,1,-1,-1,-1
459,-1,916,86,66,73,1,-1,-1,-1
459,-1,842,73,82,84,1,-1,-1,-1
460,-1,202,549,227,261,1,-1,-1,-1
460,-1,779,332,170,218,1,-1,-1,-1
460,-1,919,185,110,125,1,-1,-1,-1
460,-1,847,78,76,85,1,-1,-1,-1
460,-1,912,92,76,89,1,-1,-1,-1
460,-1,1113,114,92,101,1,-1,-1,-1
461,-1,202,549,227,261,1,-1,-1,-1
461,-1,779,332,170,218,1,-1,-1,-1
461,-1,919,185,110,125,1,-1,-1,-1
461,-1,847,78,76,85,1,-1,-1,-1
461,-1,912,92,76,89,1,-1,-1,-1
461,-1,1113,114,92,101,1,-1,-1,-1
462,-1,202,549,227,261,1,-1,-1,-1
462,-1,779,332,170,218,1,-1,-1,-1
462,-1,919,185,110,125,1,-1,-1,-1
462,-1,847,78,76,85,1,-1,-1,-1
462,-1,912,92,76,89,1,-1,-1,-1
462,-1,1113,114,92,101,1,-1,-1,-1
463,-1,147,572,220,261,1,-1,-1,-1
463,-1,747,342,177,202,1,-1,-1,-1
463,-1,1117,124,95,98,1,-1,-1,-1
463,-1,850,78,71,82,1,-1,-1,-1
463,-1,926,102,87,93,1,-1,-1,-1
463,-1,928,180,116,123,1,-1,-1,-1
464,-1,147,572,220,261,1,-1,-1,-1
464,-1,747,342,177,202,1,-1,-1,-1
464,-1,1117,124,95,98,1,-1,-1,-1
464,-1,850,78,71,82,1,-1,-1,-1
464,-1,926,102,87,93,1,-1,-1,-1
464,-1,928,180,116,123,1,-1,-1,-1
465,-1,147,572,220,261,1,-1,-1,-1
465,-1,747,342,177,202,1,-1,-1,-1
465,-1,1117,124,95,98,1,-1,-1,-1
465,-1,850,78,71,82,1,-1,-1,-1
465,-1,926,102,87,93,1,-1,-1,-1
465,-1,928,180,116,123,1,-1,-1,-1
466,-1,695,333,207,240,1,-1,-1,-1
466,-1,77,577,235,272,1,-1,-1,-1
466,-1,856,74,71,81,1,-1,-1,-1
466,-1,938,199,116,136,1,-1,-1,-1
466,-1,1125,123,86,101,1,-1,-1,-1
466,-1,941,96,65,73,1,-1,-1,-1
467,-1,695,333,207,240,1,-1,-1,-1
467,-1,77,577,235,272,1,-1,-1,-1
467,-1,856,74,71,81,1,-1,-1,-1
467,-1,938,199,116,136,1,-1,-1,-1
467,-1,1125,123,86,101,1,-1,-1,-1
467,-1,941,96,65,73,1,-1,-1,-1
468,-1,695,333,207,240,1,-1,-1,-1
468,-1,77,577,235,272,1,-1,-1,-1
468,-1,856,74,71,81,1,-1,-1,-1
468,-1,938,199,116,136,1,-1,-1,-1
468,-1,1125,123,86,101,1,-1,-1,-1
468,-1,941,96,65,73,1,-1,-1,-1
469,-1,4,601,247,284,1,-1,-1,-1
469,-1,645,343,210,245,1,-1,-1,-1
469,-1,1124,115,100,115,1,-1,-1,-1
469,-1,925,209,126,148,1,-1,-1,-1
469,-1,919,93,80,85,1,-1,-1,-1
469,-1,879,85,56,74,1,-1,-1,-1
470,-1,4,601,247,284,1,-1,-1,-1
470,-1,645,343,210,245,1,-1,-1,-1
470,-1,1124,115,100,115,1,-1,-1,-1
470,-1,925,209,126,148,1,-1,-1,-1
470,-1,919,93,80,85,1,-1,-1,-1
470,-1,879,85,56,74,1,-1,-1,-1
471,-1,4,601,247,284,1,-1,-1,-1
471,-1,645,343,210,245,1,-1,-1,-1
471,-1,1124,115,100,115,1,-1,-1,-1
471,-1,925,209,126,148,1,-1,-1,-1
471,-1,919,93,80,85,1,-1,-1,-1
471,-1,879,85,56,74,1,-1,-1,-1
472,-1,0,632,182,309,1,-1,-1,-1
472,-1,573,376,206,242,1,-1,-1,-1
472,-1,916,201,127,154,1,-1,-1,-1
472,-1,1140,124,95,107,1,-1,-1,-1
472,-1,911,104,72,77,1,-1,-1,-1
472,-1,866,78,77,81,1,-1,-1,-1
473,-1,0,632,182,309,1,-1,-1,-1
473,-1,573,376,206,242,1,-1,-1,-1
473,-1,916,201,127,154,1,-1,-1,-1
473,-1,1140,124,95,107,1,-1,-1,-1
473,-1,911,104,72,77,1,-1,-1,-1
473,-1,866,78,77,81,1,-1,-1,-1
474,-1,0,632,182,309,1,-1,-1,-1
474,-1,573,376,206,242,1,-1,-1,-1
474,-1,916,201,127,154,1,-1,-1,-1
474,-1,1140,124,95,107,1,-1,-1,-1
474,-1,911,104,72,77,1,-1,-1,-1
474,-1,866,78,77,81,1,-1,-1,-1
475,-1,914,207,132,153,1,-1,-1,-1
475,-1,512,380,211,249,1,-1,-1,-1
475,-1,893,106,76,89,1,-1,-1,-1
475,-1,1150,148,90,112,1,-1,-1,-1
475,-1,786,35,55,76,1,-1,-1,-1
476,-1,914,207,132,153,1,-1,-1,-1
476,-1,512,380,211,249,1,-1,-1,-1
476,-1,893,106,76,89,1,-1,-1,-1
476,-1,1150,148,90,112,1,-1,-1,-1
476,-1,786,35,55,76,1,-1,-1,-1
477,-1,914,207,132,153,1,-1,-1,-1
477,-1,512,380,211,249,1,-1,-1,-1
477,-1,893,106,76,89,1,-1,-1,-1
477,-1,1150,148,90,112,1,-1,-1,-1
477,-1,786,35,55,76,1,-1,-1,-1
478,-1,453,381,221,266,1,-1,-1,-1
478,-1,1161,143,106,122,1,-1,-1,-1
478,-1,922,233,121,137,1,-1,-1,-1
478,-1,876,106,77,90,1,-1,-1,-1
478,-1,935,105,62,75,1,-1,-1,-1
478,-1,808,34,60,77,1,-1,-1,-1
479,-1,453,381,221,266,1,-1,-1,-1
479,-1,1161,143,106,122,1,-1,-1,-1
479,-1,922,233,121,137,1,-1,-1,-1
479,-1,876,106,77,90,1,-1,-1,-1
479,-1,935,105,62,75,1,-1,-1,-1
479,-1,808,34,60,77,1,-1,-1,-1
480,-1,453,381,221,266,1,-1,-1,-1
480,-1,1161,143,106,122,1,-1,-1,-1
480,-1,922,233,121,137,1,-1,-1,-1
480,-1,876,106,77,90,1,-1,-1,-1
480,-1,935,105,62,75,1,-1,-1,-1
480,-1,808,34,60,77,1,-1,-1,-1
481,-1,394,404,225,266,1,-1,-1,-1
481,-1,932,243,131,155,1,-1,-1,-1
481,-1,871,108,75,83,1,-1,-1,-1
481,-1,822,38,71,76,1,-1,-1,-1
481,-1,1189,151,91,109,1,-1,-1,-1
481,-1,952,88,77,91,1,-1,-1,-1
482,-1,394,404,225,266,1,-1,-1,-1
482,-1,932,243,131,155,1,-1,-1,-1
482,-1,871,108,75,83,1,-1,-1,-1
482,-1,822,38,71,76,1,-1,-1,-1
482,-1,1189,151,91,109,1,-1,-1,-1
482,-1,952,88,77,91,1,-1,-1,-1
483,-1,394,404,225,266,1,-1,-1,-1
483,-1,932,243,131,155,1,-1,-1,-1
483,-1,871,108,75,83,1,-1,-1,-1
483,-1,822,38,71,76,1,-1,-1,-1
483,-1,1189,151,91,109,1,-1,-1,-1
483,-1,952,88,77,91,1,-1,-1,-1
484,-1,336,435,245,293,1,-1,-1,-1
484,-1,951,262,135,157,1,-1,-1,-1
484,-1,1192,144,96,115,1,-1,-1,-1
484,-1,971,99,81,91,1,-1,-1,-1
484,-1,863,106,87,97,1,-1,-1,-1
484,-1,852,47,60,64,1,-1,-1,-1
485,-1,336,435,245,293,1,-1,-1,-1
485,-1,951,262,135,157,1,-1,-1,-1
485,-1,1192,144,96,115,1,-1,-1,-1
485,-1,971,99,81,91,1,-1,-1,-1
485,-1,863,106,87,97,1,-1,-1,-1
485,-1,852,47,60,64,1,-1,-1,-1
486,-1,336,435,245,293,1,-1,-1,-1
486,-1,951,262,135,157,1,-1,-1,-1
486,-1,1192,144,96,115,1,-1,-1,-1
486,-1,971,99,81,91,1,-1,-1,-1
486,-1,863,106,87,97,1,-1,-1,-1
486,-1,852,47,60,64,1,-1,-1,-1
487,-1,288,471,232,283,1,-1,-1,-1
487,-1,951,250,150,170,1,-1,-1,-1
487,-1,1186,149,105,121,1,-1,-1,-1
487,-1,992,105,76,93,1,-1,-1,-1
487,-1,873,129,71,84,1,-1,-1,-1
487,-1,891,56,62,72,1,-1,-1,-1
488,-1,288,471,232,283,1,-1,-1,-1
488,-1,951,250,150,170,1,-1,-1,-1
488,-1,1186,149,105,121,1,-1,-1,-1
488,-1,992,105,76,93,1,-1,-1,-1
488,-1,873,129,71,84,1,-1,-1,-1
488,-1,891,56,62,72,1,-1,-1,-1
489,-1,288,471,232,283,1,-1,-1,-1
489,-1,951,250,150,170,1,-1,-1,-1
489,-1,1186,149,105,121,1,-1,-1,-1
489,-1,992,105,76,93,1,-1,-1,-1
489,-1,873,129,71,84,1,-1,-1,-1
489,-1,891,56,62,72,1,-1,-1,-1
490,-1,228,462,245,306,1,-1,-1,-1
490,-1,922,241,170,189,1,-1,-1,-1
490,-1,1189,170,95,121,1,-1,-1,-1
490,-1,873,128,81,83,1,-1,-1,-1
490,-1,916,44,70,81,1,-1,-1,-1
490,-1,1010,129,66,82,1,-1,-1,-1
491,-1,228,462,245,306,1,-1,-1,-1
491,-1,922,241,170,189,1,-1,-1,-1
491,-1,1189,170,95,121,1,-1,-1,-1
491,-1,873,128,81,83,1,-1,-1,-1
491,-1,916,44,70,81,1,-1,-1,-1
491,-1,1010,129,66,82,1,-1,-1,-1
492,-1,228,462,245,306,1,-1,-1,-1
492,-1,922,241,170,189,1,-1,-1,-1
492,-1,1189,170,95,121,1,-1,-1,-1
492,-1,873,128,81,83,1,-1,-1,-1
492,-1,916,44,70,81,1,-1,-1,-1
492,-1,1010,129,66,82,1,-1,-1,-1
493,-1,152,481,261,321,1,-1,-1,-1
493,-1,922,283,141,169,1,-1,-1,-1
493,-1,1172,165,107,129,1,-1,-1,-1
493,-1,876,127,82,91,1,-1,-1,-1
493,-1,1019,109,81,92,1,-1,-1,-1
493,-1,939,43,65,80,1,-1,-1,-1
494,-1,152,481,261,321,1,-1,-1,-1
494,-1,922,283,141,169,1,-1,-1,-1
494,-1,1172,165,107,129,1,-1,-1,-1
494,-1,876,127,82,91,1,-1,-1,-1
494,-1,1019,109,81,92,1,-1,-1,-1
494,-1,939,43,65,80,1,-1,-1,-1
495,-1,152,481,261,321,1,-1,-1,-1
495,-1,922,283,141,169,1,-1,-1,-1
495,-1,1172,165,107,129,1,-1,-1,-1
495,-1,876,127,82,91,1,-1,-1,-1
495,-1,1019,109,81,92,1,-1,-1,-1
495,-1,939,43,65,80,1,-1,-1,-1
496,-1,61,521,265,332,1,-1,-1,-1
496,-1,887,292,140,179,1,-1,-1,-1
496,-1,1187,168,97,125,1,-1,-1,-1
496,-1,869,127,85,93,1,-1,-1,-1
496,-1,947,48,71,83,1,-1,-1,-1
496,-1,1038,112,77,91,1,-1,-1,-1
497,-1,61,521,265,332,1,-1,-1,-1
497,-1,887,292,140,179,1,-1,-1,-1
497,-1,1187,168,97,125,1,-1,-1,-1
497,-1,869,127,85,93,1,-1,-1,-1
497,-1,947,48,71,83,1,-1,-1,-1
497,-1,1038,112,77,91,1,-1,-1,-1
498,-1,61,521,265,332,1,-1,-1,-1
498,-1,887,292,140,179,1,-1,-1,-1
498,-1,1187,168,97,125,1,-1,-1,-1
498,-1,869,127,85,93,1,-1,-1,-1
498,-1,947,48,71,83,1,-1,-1,-1
498,-1,1038,112,77,91,1,-1,-1,-1
499,-1,839,288,171,184,1,-1,-1,-1
499,-1,0,541,202,346,1,-1,-1,-1
499,-1,959,55,67,80,1,-1,-1,-1
499,-1,1174,174,110,133,1,-1,-1,-1
499,-1,859,138,70,83,1,-1,-1,-1
499,-1,1060,134,72,83,1,-1,-1,-1
500,-1,839,288,171,184,1,-1,-1,-1
500,-1,0,541,202,346,1,-1,-1,-1
500,-1,959,55,67,80,1,-1,-1,-1
500,-1,1174,174,110,133,1,-1,-1,-1
500,-1,859,138,70,83,1,-1,-1,-1
500,-1,1060,134,72,83,1,-1,-1,-1
501,-1,839,288,171,184,1,-1,-1,-1
501,-1,0,541,202,346,1,-1,-1,-1
501,-1,959,55,67,80,1,-1,-1,-1
501,-1,1174,174,110,133,1,-1,-1,-1
501,-1,859,138,70,83,1,-1,-1,-1
501,-1,1060,134,72,83,1,-1,-1,-1
502,-1,811,281,162,203,1,-1,-1,-1
502,-1,1080,127,91,96,1,-1,-1,-1
502,-1,846,159,82,85,1,-1,-1,-1
502,-1,1188,189,100,141,1,-1,-1,-1
502,-1,960,58,66,77,1,-1,-1,-1
502,-1,0,557,131,381,1,-1,-1,-1
503,-1,811,281,162,203,1,-1,-1,-1
503,-1,1080,127,91,96,1,-1,-1,-1
503,-1,846,159,82,85,1,-1,-1,-1
503,-1,1188,189,100,141,1,-1,-1,-1
503,-1,960,58,66,77,1,-1,-1,-1
503,-1,0,557,131,381,1,-1,-1,-1
504,-1,811,281,162,203,1,-1,-1,-1
504,-1,1080,127,91,96,1,-1,-1,-1
504,-1,846,159,82,85,1,-1,-1,-1
504,-1,1188,189,100,141,1,-1,-1,-1
504,-1,960,58,66,77,1,-1,-1,-1
504,-1,0,557,131,381,1,-1,-1,-1
505,-1,808,315,162,187,1,-1,-1,-1
505,-1,1098,133,92,90,1,-1,-1,-1
505,-1,836,161,80,93,1,-1,-1,-1
505,-1,955,58,66,73,1,-1,-1,-1
505,-1,1168,197,116,137,1,-1,-1,-1
506,-1,808,315,162,187,1,-1,-1,-1
506,-1,1098,133,92,90,1,-1,-1,-1
506,-1,836,161,80,93,1,-1,-1,-1
506,-1,955,58,66,73,1,-1,-1,-1
506,-1,1168,197,116,137,1,-1,-1,-1
507,-1,808,315,162,187,1,-1,-1,-1
507,-1,1098,133,92,90,1,-1,-1,-1
507,-1,836,161,80,93,1,-1,-1,-1
507,-1,955,58,66,73,1,-1,-1,-1
507,-1,1168,197,116,137,1,-1,-1,-1
508,-1,813,354,151,179,1,-1,-1,-1
508,-1,964,55,80,85,1,-1,-1,-1
508,-1,1121,133,81,96,1,-1,-1,-1
508,-1,1152,192,125,160,1,-1,-1,-1
508,-1,824,144,95,109,1,-1,-1,-1
509,-1,813,354,151,179,1,-1,-1,-1
509,-1,964,55,80,85,1,-1,-1,-1
509,-1,1121,133,81,96,1,-1,-1,-1
509,-1,1152,192,125,160,1,-1,-1,-1
509,-1,824,144,95,109,1,-1,-1,-1
510,-1,813,354,151,179,1,-1,-1,-1
510,-1,964,55,80,85,1,-1,-1,-1
510,-1,1121,133,81,96,1,-1,-1,-1
510,-1,1152,192,125,160,1,-1,-1,-1
510,-1,824,144,95,109,1,-1,-1,-1
511,-1,795,359,161,192,1,-1,-1,-1
511,-1,841,148,92,105,1,-1,-1,-1
511,-1,1126,131,91,106,1,-1,-1,-1
511,-1,1140,187,135,170,1,-1,-1,-1
511,-1,973,61,67,80,1,-1,-1,-1
512,-1,795,359,161,192,1,-1,-1,-1
512,-1,841,148,92,105,1,-1,-1,-1
512,-1,1126,131,91,106,1,-1,-1,-1
512,-1,1140,187,135,170,1,-1,-1,-1
512,-1,973,61,67,80,1,-1,-1,-1
513,-1,795,359,161,192,1,-1,-1,-1
513,-1,841,148,92,105,1,-1,-1,-1
513,-1,1126,131,91,106,1,-1,-1,-1
513,-1,1140,187,135,170,1,-1,-1,-1
513,-1,973,61,67,80,1,-1,-1,-1
514,-1,779,358,172,187,1,-1,-1,-1
514,-1,1116,205,136,154,1,-1,-1,-1
514,-1,988,61,72,89,1,-1,-1,-1
514,-1,858,176,85,97,1,-1,-1,-1
514,-1,1124,133,97,116,1,-1,-1,-1
515,-1,779,358,172,187,1,-1,-1,-1
515,-1,1116,205,136,154,1,-1,-1,-1
515,-1,988,61,72,89,1,-1,-1,-1
515,-1,858,176,85,97,1,-1,-1,-1
515,-1,1124,133,97,116,1,-1,-1,-1
516,-1,779,358,172,187,1,-1,-1,-1
516,-1,1116,205,136,154,1,-1,-1,-1
516,-1,988,61,72,89,1,-1,-1,-1
516,-1,858,176,85,97,1,-1,-1,-1
516,-1,1124,133,97,116,1,-1,-1,-1
517,-1,736,344,176,220,1,-1,-1,-1
517,-1,1002,75,66,82,1,-1,-1,-1
517,-1,871,168,96,99,1,-1,-1,-1
517,-1,1073,236,151,162,1,-1,-1,-1
517,-1,1122,155,105,113,1,-1,-1,-1
518,-1,736,344,176,220,1,-1,-1,-1
518,-1,1002,75,66,82,1,-1,-1,-1
518,-1,871,168,96,99,1,-1,-1,-1
518,-1,1073,236,151,162,1,-1,-1,-1
518,-1,1122,155,105,113,1,-1,-1,-1
519,-1,736,344,176,220,1,-1,-1,-1
519,-1,1002,75,66,82,1,-1,-1,-1
519,-1,871,168,96,99,1,-1,-1,-1
519,-1,1073,236,151,162,1,-1,-1,-1
519,-1,1122,155,105,113,1,-1,-1,-1
520,-1,692,396,191,224,1,-1,-1,-1
520,-1,1124,153,102,114,1,-1,-1,-1
520,-1,1034,232,150,176,1,-1,-1,-1
520,-1,881,161,107,116,1,-1,-1,-1
520,-1,993,71,82,90,1,-1,-1,-1
521,-1,692,396,191,224,1,-1,-1,-1
521,-1,1124,153,102,114,1,-1,-1,-1
521,-1,1034,232,150,176,1,-1,-1,-1
521,-1,881,161,107,116,1,-1,-1,-1
521,-1,993,71,82,90,1,-1,-1,-1
522,-1,692,396,191,224,1,-1,-1,-1
522,-1,1124,153,102,114,1,-1,-1,-1
522,-1,1034,232,150,176,1,-1,-1,-1
522,-1,881,161,107,116,1,-1,-1,-1
522,-1,993,71,82,90,1,-1,-1,-1
523,-1,631,415,196,220,1,-1,-1,-1
523,-1,1138,150,105,124,1,-1,-1,-1
523,-1,1025,230,137,162,1,-1,-1,-1
523,-1,899,179,86,114,1,-1,-1,-1
523,-1,989,59,91,91,1,-1,-1,-1
524,-1,631,415,196,220,1,-1,-1,-1
524,-1,1138,150,105,124,1,-1,-1,-1
524,-1,1025,230,137,162,1,-1,-1,-1
524,-1,899,179,86,114,1,-1,-1,-1
524,-1,989,59,91,91,1,-1,-1,-1
525,-1,631,415,196,220,1,-1,-1,-1
525,-1,1138,150,105,124,1,-1,-1,-1
525,-1,1025,230,137,162,1,-1,-1,-1
525,-1,899,179,86,114,1,-1,-1,-1
525,-1,989,59,91,91,1,-1,-1,-1
526,-1,575,392,201,244,1,-1,-1,-1
526,-1,979,67,97,96,1,-1,-1,-1
526,-1,966,204,151,193,1,-1,-1,-1
526,-1,1150,174,107,120,1,-1,-1,-1
526,-1,888,193,97,107,1,-1,-1,-1
527,-1,575,392,201,244,1,-1,-1,-1
527,-1,979,67,97,96,1,-1,-1,-1
527,-1,966,204,151,193,1,-1,-1,-1
527,-1,1150,174,107,120,1,-1,-1,-1
527,-1,888,193,97,107,1,-1,-1,-1
528,-1,575,392,201,244,1,-1,-1,-1
528,-1,979,67,97,96,1,-1,-1,-1
528,-1,966,204,151,193,1,-1,-1,-1
528,-1,1150,174,107,120,1,-1,-1,-1
528,-1,888,193,97,107,1,-1,-1,-1
529,-1,524,409,216,259,1,-1,-1,-1
529,-1,1166,181,110,121,1,-1,-1,-1
529,-1,860,192,110,122,1,-1,-1,-1
529,-1,930,231,177,203,1,-1,-1,-1
529,-1,975,83,85,92,1,-1,-1,-1
530,-1,524,409,216,259,1,-1,-1,-1
530,-1,1166,181,110,121,1,-1,-1,-1
530,-1,860,192,110,122,1,-1,-1,-1
530,-1,930,231,177,203,1,-1,-1,-1
530,-1,975,83,85,92,1,-1,-1,-1
531,-1,524,409,216,259,1,-1,-1,-1
531,-1,1166,181,110,121,1,-1,-1,-1
531,-1,860,192,110,122,1,-1,-1,-1
531,-1,930,231,177,203,1,-1,-1,-1
531,-1,975,83,85,92,1,-1,-1,-1
532,-1,481,437,217,266,1,-1,-1,-1
532,-1,1176,177,107,121,1,-1,-1,-1
532,-1,956,70,91,97,1,-1,-1,-1
532,-1,854,187,112,129,1,-1,-1,-1
532,-1,886,263,181,193,1,-1,-1,-1
533,-1,481,437,217,266,1,-1,-1,-1
533,-1,1176,177,107,121,1,-1,-1,-1
533,-1,956,70,91,97,1,-1,-1,-1
533,-1,854,187,112,129,1,-1,-1,-1
533,-1,886,263,181,193,1,-1,-1,-1
534,-1,481,437,217,266,1,-1,-1,-1
534,-1,1176,177,107,121,1,-1,-1,-1
534,-1,956,70,91,97,1,-1,-1,-1
534,-1,854,187,112,129,1,-1,-1,-1
534,-1,886,263,181,193,1,-1,-1,-1
535,-1,457,480,216,267,1,-1,-1,-1
535,-1,1188,173,111,124,1,-1,-1,-1
535,-1,946,74,91,97,1,-1,-1,-1
535,-1,852,248,176,205,1,-1,-1,-1
535,-1,844,185,122,140,1,-1,-1,-1
536,-1,457,480,216,267,1,-1,-1,-1
536,-1,1188,173,111,124,1,-1,-1,-1
536,-1,946,74,91,97,1,-1,-1,-1
536,-1,852,248,176,205,1,-1,-1,-1
536,-1,844,185,122,140,1,-1,-1,-1
537,-1,457,480,216,267,1,-1,-1,-1
537,-1,1188,173,111,124,1,-1,-1,-1
537,-1,946,74,91,97,1,-1,-1,-1
537,-1,852,248,176,205,1,-1,-1,-1
537,-1,844,185,122,140,1,-1,-1,-1
538,-1,420,495,236,280,1,-1,-1,-1
538,-1,1182,180,122,148,1,-1,-1,-1
538,-1,786,219,190,245,1,-1,-1,-1
538,-1,937,82,92,97,1,-1,-1,-1
539,-1,420,495,236,280,1,-1,-1,-1
539,-1,1182,180,122,148,1,-1,-1,-1
539,-1,786,219,190,245,1,-1,-1,-1
539,-1,937,82,92,97,1,-1,-1,-1
540,-1,420,495,236,280,1,-1,-1,-1
540,-1,1182,180,122,148,1,-1,-1,-1
540,-1,786,219,190,245,1,-1,-1,-1
540,-1,937,82,92,97,1,-1,-1,-1
541,-1,375,510,242,276,1,-1,-1,-1
541,-1,735,284,192,202,1,-1,-1,-1
541,-1,1182,207,117,137,1,-1,-1,-1
541,-1,943,81,91,105,1,-1,-1,-1
541,-1,888,227,107,124,1,-1,-1,-1
542,-1,375,510,242,276,1,-1,-1,-1
542,-1,735,284,192,202,1,-1,-1,-1
542,-1,1182,207,117,137,1,-1,-1,-1
542,-1,943,81,91,105,1,-1,-1,-1
542,-1,888,227,107,124,1,-1,-1,-1
543,-1,375,510,242,276,1,-1,-1,-1
543,-1,735,284,192,202,1,-1,-1,-1
543,-1,1182,207,117,137,1,-1,-1,-1
543,-1,943,81,91,105,1,-1,-1,-1
543,-1,888,227,107,124,1,-1,-1,-1
544,-1,302,533,241,284,1,-1,-1,-1
544,-1,654,286,197,232,1,-1,-1,-1
544,-1,1187,215,107,121,1,-1,-1,-1
544,-1,944,89,91,97,1,-1,-1,-1
544,-1,869,234,115,140,1,-1,-1,-1
545,-1,302,533,241,284,1,-1,-1,-1
545,-1,654,286,197,232,1,-1,-1,-1
545,-1,1187,215,107,121,1,-1,-1,-1
545,-1,944,89,91,97,1,-1,-1,-1
545,-1,869,234,115,140,1,-1,-1,-1
546,-1,302,533,241,284,1,-1,-1,-1
546,-1,654,286,197,232,1,-1,-1,-1
546,-1,1187,215,107,121,1,-1,-1,-1
546,-1,944,89,91,97,1,-1,-1,-1
546,-1,869,234,115,140,1,-1,-1,-1
547,-1,581,293,185,235,1,-1,-1,-1
547,-1,231,584,260,306,1,-1,-1,-1
547,-1,1196,213,115,129,1,-1,-1,-1
547,-1,951,83,97,109,1,-1,-1,-1
547,-1,867,215,127,154,1,-1,-1,-1
548,-1,581,293,185,235,1,-1,-1,-1
548,-1,231,584,260,306,1,-1,-1,-1
548,-1,1196,213,115,129,1,-1,-1,-1
548,-1,951,83,97,109,1,-1,-1,-1
548,-1,867,215,127,154,1,-1,-1,-1
549,-1,581,293,185,235,1,-1,-1,-1
549,-1,231,584,260,306,1,-1,-1,-1
549,-1,1196,213,115,129,1,-1,-1,-1
549,-1,951,83,97,109,1,-1,-1,-1
549,-1,867,215,127,154,1,-1,-1,-1
550,-1,123,607,285,317,1,-1,-1,-1
550,-1,516,285,205,253,1,-1,-1,-1
550,-1,856,231,130,152,1,-1,-1,-1
550,-1,1198,229,126,153,1,-1,-1,-1
550,-1,949,82,101,114,1,-1,-1,-1
551,-1,123,607,285,317,1,-1,-1,-1
551,-1,516,285,205,253,1,-1,-1,-1
551,-1,856,231,130,152,1,-1,-1,-1
551,-1,1198,229,126,153,1,-1,-1,-1
551,-1,949,82,101,114,1,-1,-1,-1
552,-1,123,607,285,317,1,-1,-1,-1
552,-1,516,285,205,253,1,-1,-1,-1
552,-1,856,231,130,152,1,-1,-1,-1
552,-1,1198,229,126,153,1,-1,-1,-1
552,-1,949,82,101,114,1,-1,-1,-1
553,-1,8,615,296,330,1,-1,-1,-1
553,-1,1211,236,140,168,1,-1,-1,-1
553,-1,446,289,212,269,1,-1,-1,-1
553,-1,831,249,125,152,1,-1,-1,-1
553,-1,952,99,97,116,1,-1,-1,-1
554,-1,8,615,296,330,1,-1,-1,-1
554,-1,1211,236,140,168,1,-1,-1,-1
554,-1,446,289,212,269,1,-1,-1,-1
554,-1,831,249,125,152,1,-1,-1,-1
554,-1,952,99,97,116,1,-1,-1,-1
555,-1,8,615,296,330,1,-1,-1,-1
555,-1,1211,236,140,168,1,-1,-1,-1
555,-1,446,289,212,269,1,-1,-1,-1
555,-1,831,249,125,152,1,-1,-1,-1
555,-1,952,99,97,116,1,-1,-1,-1
556,-1,0,645,286,349,1,-1,-1,-1
556,-1,388,325,205,261,1,-1,-1,-1
556,-1,798,259,130,161,1,-1,-1,-1
556,-1,1231,240,126,152,1,-1,-1,-1
556,-1,938,108,110,123,1,-1,-1,-1
557,-1,0,645,286,349,1,-1,-1,-1
557,-1,388,325,205,261,1,-1,-1,-1
557,-1,798,259,130,161,1,-1,-1,-1
557,-1,1231,240,126,152,1,-1,-1,-1
557,-1,938,108,110,123,1,-1,-1,-1
558,-1,0,645,286,349,1,-1,-1,-1
558,-1,388,325,205,261,1,-1,-1,-1
558,-1,798,259,130,161,1,-1,-1,-1
558,-1,1231,240,126,152,1,-1,-1,-1
558,-1,938,108,110,123,1,-1,-1,-1
559,-1,311,353,225,265,1,-1,-1,-1
559,-1,766,259,141,164,1,-1,-1,-1
559,-1,1244,262,120,137,1,-1,-1,-1
559,-1,923,120,107,121,1,-1,-1,-1
559,-1,0,698,192,381,1,-1,-1,-1
560,-1,311,353,225,265,1,-1,-1,-1
560,-1,766,259,141,164,1,-1,-1,-1
560,-1,1244,262,120,137,1,-1,-1,-1
560,-1,923,120,107,121,1,-1,-1,-1
560,-1,0,698,192,381,1,-1,-1,-1
561,-1,311,353,225,265,1,-1,-1,-1
561,-1,766,259,141,164,1,-1,-1,-1
561,-1,1244,262,120,137,1,-1,-1,-1
561,-1,923,120,107,121,1,-1,-1,-1
561,-1,0,698,192,381,1,-1,-1,-1
562,-1,245,359,221,264,1,-1,-1,-1
562,-1,1234,242,137,170,1,-1,-1,-1
562,-1,916,105,116,131,1,-1,-1,-1
562,-1,738,235,177,196,1,-1,-1,-1
563,-1,245,359,221,264,1,-1,-1,-1
563,-1,1234,242,137,170,1,-1,-1,-1
563,-1,916,105,116,131,1,-1,-1,-1
563,-1,738,235,177,196,1,-1,-1,-1
564,-1,245,359,221,264,1,-1,-1,-1
564,-1,1234,242,137,170,1,-1,-1,-1
564,-1,916,105,116,131,1,-1,-1,-1
564,-1,738,235,177,196,1,-1,-1,-1
565,-1,157,344,222,300,1,-1,-1,-1
565,-1,919,115,117,131,1,-1,-1,-1
565,-1,1244,282,131,157,1,-1,-1,-1
565,-1,729,280,142,168,1,-1,-1,-1
566,-1,157,344,222,300,1,-1,-1,-1
566,-1,919,115,117,131,1,-1,-1,-1
566,-1,1244,282,131,157,1,-1,-1,-1
566,-1,729,280,142,168,1,-1,-1,-1
567,-1,157,344,222,300,1,-1,-1,-1
567,-1,919,115,117,131,1,-1,-1,-1
567,-1,1244,282,131,157,1,-1,-1,-1
567,-1,729,280,142,168,1,-1,-1,-1
568,-1,1201,298,155,176,1,-1,-1,-1
568,-1,48,377,260,288,1,-1,-1,-1
568,-1,700,307,150,170,1,-1,-1,-1
568,-1,920,133,117,131,1,-1,-1,-1
569,-1,1201,298,155,176,1,-1,-1,-1
569,-1,48,377,260,288,1,-1,-1,-1
569,-1,700,307,150,170,1,-1,-1,-1
569,-1,920,133,117,131,1,-1,-1,-1
570,-1,1201,298,155,176,1,-1,-1,-1
570,-1,48,377,260,288,1,-1,-1,-1
570,-1,700,307,150,170,1,-1,-1,-1
570,-1,920,133,117,131,1,-1,-1,-1
571,-1,665,306,167,180,1,-1,-1,-1
571,-1,0,419,246,304,1,-1,-1,-1
571,-1,1187,312,142,170,1,-1,-1,-1
571,-1,927,131,127,146,1,-1,-1,-1
572,-1,665,306,167,180,1,-1,-1,-1
572,-1,0,419,246,304,1,-1,-1,-1
572,-1,1187,312,142,170,1,-1,-1,-1
572,-1,927,131,127,146,1,-1,-1,-1
573,-1,665,306,167,180,1,-1,-1,-1
573,-1,0,419,246,304,1,-1,-1,-1
573,-1,1187,312,142,170,1,-1,-1,-1
573,-1,927,131,127,146,1,-1,-1,-1
574,-1,948,141,112,136,1,-1,-1,-1
574,-1,622,308,172,188,1,-1,-1,-1
574,-1,1166,297,172,196,1,-1,-1,-1
575,-1,948,141,112,136,1,-1,-1,-1
575,-1,622,308,172,188,1,-1,-1,-1
575,-1,1166,297,172,196,1,-1,-1,-1
576,-1,948,141,112,136,1,-1,-1,-1
576,-1,622,308,172,188,1,-1,-1,-1
576,-1,1166,297,172,196,1,-1,-1,-1
577,-1,552,309,181,211,1,-1,-1,-1
577,-1,941,129,132,152,1,-1,-1,-1
577,-1,1162,328,156,203,1,-1,-1,-1
578,-1,552,309,181,211,1,-1,-1,-1
578,-1,941,129,132,152,1,-1,-1,-1
578,-1,1162,328,156,203,1,-1,-1,-1
579,-1,552,309,181,211,1,-1,-1,-1
579,-1,941,129,132,152,1,-1,-1,-1
579,-1,1162,328,156,203,1,-1,-1,-1
580,-1,484,315,166,216,1,-1,-1,-1
580,-1,1139,371,172,212,1,-1,-1,-1
580,-1,925,128,145,180,1,-1,-1,-1
581,-1,484,315,166,216,1,-1,-1,-1
581,-1,1139,371,172,212,1,-1,-1,-1
581,-1,925,128,145,180,1,-1,-1,-1
582,-1,484,315,166,216,1,-1,-1,-1
582,-1,1139,371,172,212,1,-1,-1,-1
582,-1,925,128,145,180,1,-1,-1,-1
583,-1,403,336,205,229,1,-1,-1,-1
583,-1,1131,369,180,219,1,-1,-1,-1
583,-1,925,161,130,153,1,-1,-1,-1
584,-1,403,336,205,229,1,-1,-1,-1
584,-1,1131,369,180,219,1,-1,-1,-1
584,-1,925,161,130,153,1,-1,-1,-1
585,-1,403,336,205,229,1,-1,-1,-1
585,-1,1131,369,180,219,1,-1,-1,-1
585,-1,925,161,130,153,1,-1,-1,-1
586,-1,339,323,177,233,1,-1,-1,-1
586,-1,1100,358,192,232,1,-1,-1,-1
586,-1,888,156,147,170,1,-1,-1,-1
587,-1,339,323,177,233,1,-1,-1,-1
587,-1,1100,358,192,232,1,-1,-1,-1
587,-1,888,156,147,170,1,-1,-1,-1
588,-1,339,323,177,233,1,-1,-1,-1
588,-1,1100,358,192,232,1,-1,-1,-1
588,-1,888,156,147,170,1,-1,-1,-1
589,-1,1065,379,201,243,1,-1,-1,-1
589,-1,280,341,187,240,1,-1,-1,-1
589,-1,879,155,147,180,1,-1,-1,-1
590,-1,1065,379,201,243,1,-1,-1,-1
590,-1,280,341,187,240,1,-1,-1,-1
590,-1,879,155,147,180,1,-1,-1,-1
591,-1,1065,379,201,243,1,-1,-1,-1
591,-1,280,341,187,240,1,-1,-1,-1
591,-1,879,155,147,180,1,-1,-1,-1
592,-1,222,373,200,235,1,-1,-1,-1
592,-1,1013,419,215,244,1,-1,-1,-1
592,-1,881,161,151,176,1,-1,-1,-1
593,-1,222,373,200,235,1,-1,-1,-1
593,-1,1013,419,215,244,1,-1,-1,-1
593,-1,881,161,151,176,1,-1,-1,-1
594,-1,222,373,200,235,1,-1,-1,-1
594,-1,1013,419,215,244,1,-1,-1,-1
594,-1,881,161,151,176,1,-1,-1,-1
595,-1,154,396,197,245,1,-1,-1,-1
595,-1,946,439,225,260,1,-1,-1,-1
595,-1,873,198,130,164,1,-1,-1,-1
596,-1,154,396,197,245,1,-1,-1,-1
596,-1,946,439,225,260,1,-1,-1,-1
596,-1,873,198,130,164,1,-1,-1,-1
597,-1,154,396,197,245,1,-1,-1,-1
597,-1,946,439,225,260,1,-1,-1,-1
597,-1,873,198,130,164,1,-1,-1,-1
598,-1,114,410,202,253,1,-1,-1,-1
598,-1,896,432,231,280,1,-1,-1,-1
598,-1,880,206,152,176,1,-1,-1,-1
599,-1,114,410,202,253,1,-1,-1,-1
599,-1,896,432,231,280,1,-1,-1,-1
599,-1,880,206,152,176,1,-1,-1,-1
600,-1,114,410,202,253,1,-1,-1,-1
600,-1,896,432,231,280,1,-1,-1,-1
600,-1,880,206,152,176,1,-1,-1,-1
601,-1,28,414,212,265,1,-1,-1,-1
601,-1,846,438,240,288,1,-1,-1,-1
601,-1,873,196,165,188,1,-1,-1,-1
602,-1,28,414,212,265,1,-1,-1,-1
602,-1,846,438,240,288,1,-1,-1,-1
602,-1,873,196,165,188,1,-1,-1,-1
603,-1,28,414,212,265,1,-1,-1,-1
603,-1,846,438,240,288,1,-1,-1,-1
603,-1,873,196,165,188,1,-1,-1,-1
604,-1,793,492,250,284,1,-1,-1,-1
604,-1,0,443,166,290,1,-1,-1,-1
604,-1,841,194,171,196,1,-1,-1,-1
605,-1,793,492,250,284,1,-1,-1,-1
605,-1,0,443,166,290,1,-1,-1,-1
605,-1,841,194,171,196,1,-1,-1,-1
606,-1,793,492,250,284,1,-1,-1,-1
606,-1,0,443,166,290,1,-1,-1,-1
606,-1,841,194,171,196,1,-1,-1,-1
607,-1,741,543,256,290,1,-1,-1,-1
607,-1,801,196,187,210,1,-1,-1,-1
608,-1,741,543,256,290,1,-1,-1,-1
608,-1,801,196,187,210,1,-1,-1,-1
609,-1,741,543,256,290,1,-1,-1,-1
609,-1,801,196,187,210,1,-1,-1,-1
610,-1,752,223,191,211,1,-1,-1,-1
610,-1,677,547,286,306,1,-1,-1,-1
611,-1,752,223,191,211,1,-1,-1,-1
611,-1,677,547,286,306,1,-1,-1,-1
612,-1,752,223,191,211,1,-1,-1,-1
612,-1,677,547,286,306,1,-1,-1,-1
613,-1,706,245,192,208,1,-1,-1,-1
613,-1,608,562,296,325,1,-1,-1,-1
614,-1,706,245,192,208,1,-1,-1,-1
614,-1,608,562,296,325,1,-1,-1,-1
615,-1,706,245,192,208,1,-1,-1,-1
615,-1,608,562,296,325,1,-1,-1,-1
616,-1,659,229,190,229,1,-1,-1,-1
616,-1,520,609,295,336,1,-1,-1,-1
617,-1,659,229,190,229,1,-1,-1,-1
617,-1,520,609,295,336,1,-1,-1,-1
618,-1,659,229,190,229,1,-1,-1,-1
618,-1,520,609,295,336,1,-1,-1,-1
619,-1,623,247,170,225,1,-1,-1,-1
619,-1,365,695,376,339,1,-1,-1,-1
620,-1,623,247,170,225,1,-1,-1,-1
620,-1,365,695,376,339,1,-1,-1,-1
621,-1,623,247,170,225,1,-1,-1,-1
621,-1,365,695,376,339,1,-1,-1,-1
622,-1,565,267,211,245,1,-1,-1,-1
622,-1,248,708,342,368,1,-1,-1,-1
623,-1,565,267,211,245,1,-1,-1,-1
623,-1,248,708,342,368,1,-1,-1,-1
624,-1,565,267,211,245,1,-1,-1,-1
624,-1,248,708,342,368,1,-1,-1,-1
625,-1,528,282,216,248,1,-1,-1,-1
625,-1,117,720,352,355,1,-1,-1,-1
626,-1,528,282,216,248,1,-1,-1,-1
626,-1,117,720,352,355,1,-1,-1,-1
627,-1,528,282,216,248,1,-1,-1,-1
627,-1,117,720,352,355,1,-1,-1,-1
628,-1,482,280,220,258,1,-1,-1,-1
629,-1,482,280,220,258,1,-1,-1,-1
630,-1,482,280,220,258,1,-1,-1,-1
631,-1,442,275,192,268,1,-1,-1,-1
632,-1,442,275,192,268,1,-1,-1,-1
633,-1,442,275,192,268,1,-1,-1,-1
634,-1,329,311,260,260,1,-1,-1,-1
635,-1,329,311,260,260,1,-1,-1,-1
636,-1,329,311,260,260,1,-1,-1,-1
637,-1,246,336,255,283,1,-1,-1,-1
638,-1,246,336,255,283,1,-1,-1,-1
639,-1,246,336,255,283,1,-1,-1,-1
640,-1,144,343,262,297,1,-1,-1,-1
641,-1,144,343,262,297,1,-1,-1,-1
642,-1,144,343,262,297,1,-1,-1,-1
643,-1,52,351,251,280,1,-1,-1,-1
644,-1,52,351,251,280,1,-1,-1,-1
645,-1,52,351,251,280,1,-1,-1,-1
646,-1,0,358,281,313,1,-1,-1,-1
647,-1,0,358,281,313,1,-1,-1,-1
648,-1,0,358,281,313,1,-1,-1,-1
649,-1,0,426,171,293,1,-1,-1,-1
650,-1,0,426,171,293,1,-1,-1,-1
651,-1,0,426,171,293,1,-1,-1,-1
