41,-1,792,68,66,82,1,-1,-1,-1
42,-1,792,68,66,82,1,-1,-1,-1
43,-1,792,68,66,82,1,-1,-1,-1
44,-1,792,68,66,82,1,-1,-1,-1
45,-1,792,68,66,82,1,-1,-1,-1
46,-1,844,74,66,74,1,-1,-1,-1
47,-1,844,74,66,74,1,-1,-1,-1
48,-1,844,74,66,74,1,-1,-1,-1
49,-1,844,74,66,74,1,-1,-1,-1
50,-1,844,74,66,74,1,-1,-1,-1
51,-1,893,75,61,88,1,-1,-1,-1
52,-1,893,75,61,88,1,-1,-1,-1
53,-1,893,75,61,88,1,-1,-1,-1
54,-1,893,75,61,88,1,-1,-1,-1
55,-1,893,75,61,88,1,-1,-1,-1
56,-1,893,80,77,84,1,-1,-1,-1
57,-1,893,80,77,84,1,-1,-1,-1
58,-1,893,80,77,84,1,-1,-1,-1
59,-1,893,80,77,84,1,-1,-1,-1
60,-1,893,80,77,84,1,-1,-1,-1
61,-1,902,85,65,72,1,-1,-1,-1
62,-1,902,85,65,72,1,-1,-1,-1
63,-1,902,85,65,72,1,-1,-1,-1
64,-1,902,85,65,72,1,-1,-1,-1
65,-1,902,85,65,72,1,-1,-1,-1
66,-1,912,80,75,91,1,-1,-1,-1
67,-1,912,80,75,91,1,-1,-1,-1
68,-1,912,80,75,91,1,-1,-1,-1
69,-1,912,80,75,91,1,-1,-1,-1
70,-1,912,80,75,91,1,-1,-1,-1
71,-1,941,101,65,89,1,-1,-1,-1
72,-1,941,101,65,89,1,-1,-1,-1
73,-1,941,101,65,89,1,-1,-1,-1
74,-1,941,101,65,89,1,-1,-1,-1
75,-1,941,101,65,89,1,-1,-1,-1
76,-1,953,90,77,93,1,-1,-1,-1
76,-1,789,89,56,68,1,-1,-1,-1
77,-1,953,90,77,93,1,-1,-1,-1
77,-1,789,89,56,68,1,-1,-1,-1
78,-1,953,90,77,93,1,-1,-1,-1
78,-1,789,89,56,68,1,-1,-1,-1
79,-1,953,90,77,93,1,-1,-1,-1
79,-1,789,89,56,68,1,-1,-1,-1
80,-1,953,90,77,93,1,-1,-1,-1
80,-1,789,89,56,68,1,-1,-1,-1
81,-1,951,109,81,97,1,-1,-1,-1
81,-1,819,87,70,74,1,-1,-1,-1
82,-1,951,109,81,97,1,-1,-1,-1
82,-1,819,87,70,74,1,-1,-1,-1
83,-1,951,109,81,97,1,-1,-1,-1
83,-1,819,87,70,74,1,-1,-1,-1
84,-1,951,109,81,97,1,-1,-1,-1
84,-1,819,87,70,74,1,-1,-1,-1
85,-1,951,109,81,97,1,-1,-1,-1
85,-1,819,87,70,74,1,-1,-1,-1
86,-1,951,111,80,92,1,-1,-1,-1
86,-1,841,112,70,72,1,-1,-1,-1
87,-1,951,111,80,92,1,-1,-1,-1
87,-1,841,112,70,72,1,-1,-1,-1
88,-1,951,111,80,92,1,-1,-1,-1
88,-1,841,112,70,72,1,-1,-1,-1
89,-1,951,111,80,92,1,-1,-1,-1
89,-1,841,112,70,72,1,-1,-1,-1
90,-1,951,111,80,92,1,-1,-1,-1
90,-1,841,112,70,72,1,-1,-1,-1
91,-1,856,111,77,81,1,-1,-1,-1
91,-1,968,99,92,104,1,-1,-1,-1
92,-1,856,111,77,81,1,-1,-1,-1
92,-1,968,99,92,104,1,-1,-1,-1
93,-1,856,111,77,81,1,-1,-1,-1
93,-1,968,99,92,104,1,-1,-1,-1
94,-1,856,111,77,81,1,-1,-1,-1
94,-1,968,99,92,104,1,-1,-1,-1
95,-1,856,111,77,81,1,-1,-1,-1
95,-1,968,99,92,104,1,-1,-1,-1
96,-1,988,126,92,101,1,-1,-1,-1
96,-1,876,112,75,82,1,-1,-1,-1
97,-1,988,126,92,101,1,-1,-1,-1
97,-1,876,112,75,82,1,-1,-1,-1
98,-1,988,126,92,101,1,-1,-1,-1
98,-1,876,112,75,82,1,-1,-1,-1
99,-1,988,126,92,101,1,-1,-1,-1
99,-1,876,112,75,82,1,-1,-1,-1
100,-1,988,126,92,101,1,-1,-1,-1
100,-1,876,112,75,82,1,-1,-1,-1
101,-1,1022,129,92,99,1,-1,-1,-1
101,-1,772,102,71,98,1,-1,-1,-1
101,-1,899,125,65,77,1,-1,-1,-1
102,-1,1022,129,92,99,1,-1,-1,-1
102,-1,772,102,71,98,1,-1,-1,-1
102,-1,899,125,65,77,1,-1,-1,-1
103,-1,1022,129,92,99,1,-1,-1,-1
103,-1,772,102,71,98,1,-1,-1,-1
103,-1,899,125,65,77,1,-1,-1,-1
104,-1,1022,129,92,99,1,-1,-1,-1
104,-1,772,102,71,98,1,-1,-1,-1
104,-1,899,125,65,77,1,-1,-1,-1
105,-1,1022,129,92,99,1,-1,-1,-1
105,-1,772,102,71,98,1,-1,-1,-1
105,-1,899,125,65,77,1,-1,-1,-1
106,-1,1032,150,75,90,1,-1,-1,-1
106,-1,906,118,60,77,1,-1,-1,-1
106,-1,812,102,66,77,1,-1,-1,-1
107,-1,1032,150,75,90,1,-1,-1,-1
107,-1,906,118,60,77,1,-1,-1,-1
107,-1,812,102,66,77,1,-1,-1,-1
108,-1,1032,150,75,90,1,-1,-1,-1
108,-1,906,118,60,77,1,-1,-1,-1
108,-1,812,102,66,77,1,-1,-1,-1
109,-1,1032,150,75,90,1,-1,-1,-1
109,-1,906,118,60,77,1,-1,-1,-1
109,-1,812,102,66,77,1,-1,-1,-1
110,-1,1032,150,75,90,1,-1,-1,-1
110,-1,906,118,60,77,1,-1,-1,-1
110,-1,812,102,66,77,1,-1,-1,-1
111,-1,1014,152,95,106,1,-1,-1,-1
111,-1,888,135,56,77,1,-1,-1,-1
111,-1,842,107,65,82,1,-1,-1,-1
112,-1,1014,152,95,106,1,-1,-1,-1
112,-1,888,135,56,77,1,-1,-1,-1
112,-1,842,107,65,82,1,-1,-1,-1
113,-1,1014,152,95,106,1,-1,-1,-1
113,-1,888,135,56,77,1,-1,-1,-1
113,-1,842,107,65,82,1,-1,-1,-1
114,-1,1014,152,95,106,1,-1,-1,-1
114,-1,888,135,56,77,1,-1,-1,-1
114,-1,842,107,65,82,1,-1,-1,-1
115,-1,1014,152,95,106,1,-1,-1,-1
115,-1,888,135,56,77,1,-1,-1,-1
115,-1,842,107,65,82,1,-1,-1,-1
116,-1,1013,153,91,96,1,-1,-1,-1
116,-1,847,105,90,100,1,-1,-1,-1
117,-1,1013,153,91,96,1,-1,-1,-1
117,-1,847,105,90,100,1,-1,-1,-1
118,-1,1013,153,91,96,1,-1,-1,-1
118,-1,847,105,90,100,1,-1,-1,-1
119,-1,1013,153,91,96,1,-1,-1,-1
119,-1,847,105,90,100,1,-1,-1,-1
120,-1,1013,153,91,96,1,-1,-1,-1
120,-1,847,105,90,100,1,-1,-1,-1
121,-1,1012,149,111,130,1,-1,-1,-1
121,-1,858,136,80,98,1,-1,-1,-1
122,-1,1012,149,111,130,1,-1,-1,-1
122,-1,858,136,80,98,1,-1,-1,-1
123,-1,1012,149,111,130,1,-1,-1,-1
123,-1,858,136,80,98,1,-1,-1,-1
124,-1,1012,149,111,130,1,-1,-1,-1
124,-1,858,136,80,98,1,-1,-1,-1
125,-1,1012,149,111,130,1,-1,-1,-1
125,-1,858,136,80,98,1,-1,-1,-1
126,-1,1031,176,107,124,1,-1,-1,-1
126,-1,861,154,71,96,1,-1,-1,-1
126,-1,779,112,50,68,1,-1,-1,-1
127,-1,1031,176,107,124,1,-1,-1,-1
127,-1,861,154,71,96,1,-1,-1,-1
127,-1,779,112,50,68,1,-1,-1,-1
128,-1,1031,176,107,124,1,-1,-1,-1
128,-1,861,154,71,96,1,-1,-1,-1
128,-1,779,112,50,68,1,-1,-1,-1
129,-1,1031,176,107,124,1,-1,-1,-1
129,-1,861,154,71,96,1,-1,-1,-1
129,-1,779,112,50,68,1,-1,-1,-1
130,-1,1031,176,107,124,1,-1,-1,-1
130,-1,861,154,71,96,1,-1,-1,-1
130,-1,779,112,50,68,1,-1,-1,-1
131,-1,1050,180,100,120,1,-1,-1,-1
131,-1,854,148,75,101,1,-1,-1,-1
131,-1,799,117,75,76,1,-1,-1,-1
132,-1,1050,180,100,120,1,-1,-1,-1
132,-1,854,148,75,101,1,-1,-1,-1
132,-1,799,117,75,76,1,-1,-1,-1
133,-1,1050,180,100,120,1,-1,-1,-1
133,-1,854,148,75,101,1,-1,-1,-1
133,-1,799,117,75,76,1,-1,-1,-1
134,-1,1050,180,100,120,1,-1,-1,-1
134,-1,854,148,75,101,1,-1,-1,-1
134,-1,799,117,75,76,1,-1,-1,-1
135,-1,1050,180,100,120,1,-1,-1,-1
135,-1,854,148,75,101,1,-1,-1,-1
135,-1,799,117,75,76,1,-1,-1,-1
136,-1,1042,204,111,131,1,-1,-1,-1
136,-1,848,157,81,106,1,-1,-1,-1
137,-1,1042,204,111,131,1,-1,-1,-1
137,-1,848,157,81,106,1,-1,-1,-1
138,-1,1042,204,111,131,1,-1,-1,-1
138,-1,848,157,81,106,1,-1,-1,-1
139,-1,1042,204,111,131,1,-1,-1,-1
139,-1,848,157,81,106,1,-1,-1,-1
140,-1,1042,204,111,131,1,-1,-1,-1
140,-1,848,157,81,106,1,-1,-1,-1
141,-1,1016,189,135,154,1,-1,-1,-1
141,-1,831,163,82,105,1,-1,-1,-1
142,-1,1016,189,135,154,1,-1,-1,-1
142,-1,831,163,82,105,1,-1,-1,-1
143,-1,1016,189,135,154,1,-1,-1,-1
143,-1,831,163,82,105,1,-1,-1,-1
144,-1,1016,189,135,154,1,-1,-1,-1
144,-1,831,163,82,105,1,-1,-1,-1
145,-1,1016,189,135,154,1,-1,-1,-1
145,-1,831,163,82,105,1,-1,-1,-1
146,-1,1024,211,130,148,1,-1,-1,-1
146,-1,833,180,75,92,1,-1,-1,-1
146,-1,852,124,52,69,1,-1,-1,-1
147,-1,1024,211,130,148,1,-1,-1,-1
147,-1,833,180,75,92,1,-1,-1,-1
147,-1,852,124,52,69,1,-1,-1,-1
148,-1,1024,211,130,148,1,-1,-1,-1
148,-1,833,180,75,92,1,-1,-1,-1
148,-1,852,124,52,69,1,-1,-1,-1
149,-1,1024,211,130,148,1,-1,-1,-1
149,-1,833,180,75,92,1,-1,-1,-1
149,-1,852,124,52,69,1,-1,-1,-1
150,-1,1024,211,130,148,1,-1,-1,-1
150,-1,833,180,75,92,1,-1,-1,-1
150,-1,852,124,52,69,1,-1,-1,-1
151,-1,1051,233,135,156,1,-1,-1,-1
151,-1,851,126,55,72,1,-1,-1,-1
151,-1,827,201,80,99,1,-1,-1,-1
151,-1,781,134,67,82,1,-1,-1,-1
152,-1,1051,233,135,156,1,-1,-1,-1
152,-1,851,126,55,72,1,-1,-1,-1
152,-1,827,201,80,99,1,-1,-1,-1
152,-1,781,134,67,82,1,-1,-1,-1
153,-1,1051,233,135,156,1,-1,-1,-1
153,-1,851,126,55,72,1,-1,-1,-1
153,-1,827,201,80,99,1,-1,-1,-1
153,-1,781,134,67,82,1,-1,-1,-1
154,-1,1051,233,135,156,1,-1,-1,-1
154,-1,851,126,55,72,1,-1,-1,-1
154,-1,827,201,80,99,1,-1,-1,-1
154,-1,781,134,67,82,1,-1,-1,-1
155,-1,1051,233,135,156,1,-1,-1,-1
155,-1,851,126,55,72,1,-1,-1,-1
155,-1,827,201,80,99,1,-1,-1,-1
155,-1,781,134,67,82,1,-1,-1,-1
156,-1,1071,231,131,156,1,-1,-1,-1
156,-1,849,128,80,84,1,-1,-1,-1
156,-1,842,196,82,97,1,-1,-1,-1
156,-1,791,69,42,57,1,-1,-1,-1
156,-1,780,132,65,81,1,-1,-1,-1
157,-1,1071,231,131,156,1,-1,-1,-1
157,-1,849,128,80,84,1,-1,-1,-1
157,-1,842,196,82,97,1,-1,-1,-1
157,-1,791,69,42,57,1,-1,-1,-1
157,-1,780,132,65,81,1,-1,-1,-1
158,-1,1071,231,131,156,1,-1,-1,-1
158,-1,849,128,80,84,1,-1,-1,-1
158,-1,842,196,82,97,1,-1,-1,-1
158,-1,791,69,42,57,1,-1,-1,-1
158,-1,780,132,65,81,1,-1,-1,-1
159,-1,1071,231,131,156,1,-1,-1,-1
159,-1,849,128,80,84,1,-1,-1,-1
159,-1,842,196,82,97,1,-1,-1,-1
159,-1,791,69,42,57,1,-1,-1,-1
159,-1,780,132,65,81,1,-1,-1,-1
160,-1,1071,231,131,156,1,-1,-1,-1
160,-1,849,128,80,84,1,-1,-1,-1
160,-1,842,196,82,97,1,-1,-1,-1
160,-1,791,69,42,57,1,-1,-1,-1
160,-1,780,132,65,81,1,-1,-1,-1
161,-1,1086,256,121,154,1,-1,-1,-1
161,-1,850,219,67,81,1,-1,-1,-1
161,-1,862,139,57,76,1,-1,-1,-1
161,-1,789,137,57,76,1,-1,-1,-1
161,-1,851,82,65,80,1,-1,-1,-1
162,-1,1086,256,121,154,1,-1,-1,-1
162,-1,850,219,67,81,1,-1,-1,-1
162,-1,862,139,57,76,1,-1,-1,-1
162,-1,789,137,57,76,1,-1,-1,-1
162,-1,851,82,65,80,1,-1,-1,-1
163,-1,1086,256,121,154,1,-1,-1,-1
163,-1,850,219,67,81,1,-1,-1,-1
163,-1,862,139,57,76,1,-1,-1,-1
163,-1,789,137,57,76,1,-1,-1,-1
163,-1,851,82,65,80,1,-1,-1,-1
164,-1,1086,256,121,154,1,-1,-1,-1
164,-1,850,219,67,81,1,-1,-1,-1
164,-1,862,139,57,76,1,-1,-1,-1
164,-1,789,137,57,76,1,-1,-1,-1
164,-1,851,82,65,80,1,-1,-1,-1
165,-1,1086,256,121,154,1,-1,-1,-1
165,-1,850,219,67,81,1,-1,-1,-1
165,-1,862,139,57,76,1,-1,-1,-1
165,-1,789,137,57,76,1,-1,-1,-1
165,-1,851,82,65,80,1,-1,-1,-1
166,-1,1047,271,150,172,1,-1,-1,-1
166,-1,863,146,55,60,1,-1,-1,-1
166,-1,762,126,76,98,1,-1,-1,-1
166,-1,901,59,77,81,1,-1,-1,-1
166,-1,832,220,87,101,1,-1,-1,-1
167,-1,1047,271,150,172,1,-1,-1,-1
167,-1,863,146,55,60,1,-1,-1,-1
167,-1,762,126,76,98,1,-1,-1,-1
167,-1,901,59,77,81,1,-1,-1,-1
167,-1,832,220,87,101,1,-1,-1,-1
168,-1,1047,271,150,172,1,-1,-1,-1
168,-1,863,146,55,60,1,-1,-1,-1
168,-1,762,126,76,98,1,-1,-1,-1
168,-1,901,59,77,81,1,-1,-1,-1
168,-1,832,220,87,101,1,-1,-1,-1
169,-1,1047,271,150,172,1,-1,-1,-1
169,-1,863,146,55,60,1,-1,-1,-1
169,-1,762,126,76,98,1,-1,-1,-1
169,-1,901,59,77,81,1,-1,-1,-1
169,-1,832,220,87,101,1,-1,-1,-1
170,-1,1047,271,150,172,1,-1,-1,-1
170,-1,863,146,55,60,1,-1,-1,-1
170,-1,762,126,76,98,1,-1,-1,-1
170,-1,901,59,77,81,1,-1,-1,-1
170,-1,832,220,87,101,1,-1,-1,-1
171,-1,1034,273,155,179,1,-1,-1,-1
171,-1,844,236,82,104,1,-1,-1,-1
171,-1,859,154,65,80,1,-1,-1,-1
171,-1,737,140,71,90,1,-1,-1,-1
171,-1,954,79,66,80,1,-1,-1,-1
172,-1,1034,273,155,179,1,-1,-1,-1
172,-1,844,236,82,104,1,-1,-1,-1
172,-1,859,154,65,80,1,-1,-1,-1
172,-1,737,140,71,90,1,-1,-1,-1
172,-1,954,79,66,80,1,-1,-1,-1
173,-1,1034,273,155,179,1,-1,-1,-1
173,-1,844,236,82,104,1,-1,-1,-1
173,-1,859,154,65,80,1,-1,-1,-1
173,-1,737,140,71,90,1,-1,-1,-1
173,-1,954,79,66,80,1,-1,-1,-1
174,-1,1034,273,155,179,1,-1,-1,-1
174,-1,844,236,82,104,1,-1,-1,-1
174,-1,859,154,65,80,1,-1,-1,-1
174,-1,737,140,71,90,1,-1,-1,-1
174,-1,954,79,66,80,1,-1,-1,-1
175,-1,1034,273,155,179,1,-1,-1,-1
175,-1,844,236,82,104,1,-1,-1,-1
175,-1,859,154,65,80,1,-1,-1,-1
175,-1,737,140,71,90,1,-1,-1,-1
175,-1,954,79,66,80,1,-1,-1,-1
176,-1,1041,296,147,200,1,-1,-1,-1
176,-1,843,246,92,113,1,-1,-1,-1
176,-1,695,133,82,91,1,-1,-1,-1
176,-1,857,140,60,77,1,-1,-1,-1
176,-1,974,78,66,90,1,-1,-1,-1
177,-1,1041,296,147,200,1,-1,-1,-1
177,-1,843,246,92,113,1,-1,-1,-1
177,-1,695,133,82,91,1,-1,-1,-1
177,-1,857,140,60,77,1,-1,-1,-1
177,-1,974,78,66,90,1,-1,-1,-1
178,-1,1041,296,147,200,1,-1,-1,-1
178,-1,843,246,92,113,1,-1,-1,-1
178,-1,695,133,82,91,1,-1,-1,-1
178,-1,857,140,60,77,1,-1,-1,-1
178,-1,974,78,66,90,1,-1,-1,-1
179,-1,1041,296,147,200,1,-1,-1,-1
179,-1,843,246,92,113,1,-1,-1,-1
179,-1,695,133,82,91,1,-1,-1,-1
179,-1,857,140,60,77,1,-1,-1,-1
179,-1,974,78,66,90,1,-1,-1,-1
180,-1,1041,296,147,200,1,-1,-1,-1
180,-1,843,246,92,113,1,-1,-1,-1
180,-1,695,133,82,91,1,-1,-1,-1
180,-1,857,140,60,77,1,-1,-1,-1
180,-1,974,78,66,90,1,-1,-1,-1
181,-1,1050,311,197,200,1,-1,-1,-1
181,-1,855,165,56,84,1,-1,-1,-1
181,-1,1011,78,71,88,1,-1,-1,-1
181,-1,851,243,95,116,1,-1,-1,-1
181,-1,687,138,72,85,1,-1,-1,-1
182,-1,1050,311,197,200,1,-1,-1,-1
182,-1,855,165,56,84,1,-1,-1,-1
182,-1,1011,78,71,88,1,-1,-1,-1
182,-1,851,243,95,116,1,-1,-1,-1
182,-1,687,138,72,85,1,-1,-1,-1
183,-1,1050,311,197,200,1,-1,-1,-1
183,-1,855,165,56,84,1,-1,-1,-1
183,-1,1011,78,71,88,1,-1,-1,-1
183,-1,851,243,95,116,1,-1,-1,-1
183,-1,687,138,72,85,1,-1,-1,-1
184,-1,1050,311,197,200,1,-1,-1,-1
184,-1,855,165,56,84,1,-1,-1,-1
184,-1,1011,78,71,88,1,-1,-1,-1
184,-1,851,243,95,116,1,-1,-1,-1
184,-1,687,138,72,85,1,-1,-1,-1
185,-1,1050,311,197,200,1,-1,-1,-1
185,-1,855,165,56,84,1,-1,-1,-1
185,-1,1011,78,71,88,1,-1,-1,-1
185,-1,851,243,95,116,1,-1,-1,-1
185,-1,687,138,72,85,1,-1,-1,-1
186,-1,1065,326,187,216,1,-1,-1,-1
186,-1,851,260,101,121,1,-1,-1,-1
186,-1,1050,99,67,89,1,-1,-1,-1
186,-1,670,152,80,92,1,-1,-1,-1
186,-1,880,165,57,75,1,-1,-1,-1
186,-1,778,84,57,88,1,-1,-1,-1
187,-1,1065,326,187,216,1,-1,-1,-1
187,-1,851,260,101,121,1,-1,-1,-1
187,-1,1050,99,67,89,1,-1,-1,-1
187,-1,670,152,80,92,1,-1,-1,-1
187,-1,880,165,57,75,1,-1,-1,-1
187,-1,778,84,57,88,1,-1,-1,-1
188,-1,1065,326,187,216,1,-1,-1,-1
188,-1,851,260,101,121,1,-1,-1,-1
188,-1,1050,99,67,89,1,-1,-1,-1
188,-1,670,152,80,92,1,-1,-1,-1
188,-1,880,165,57,75,1,-1,-1,-1
188,-1,778,84,57,88,1,-1,-1,-1
189,-1,1065,326,187,216,1,-1,-1,-1
189,-1,851,260,101,121,1,-1,-1,-1
189,-1,1050,99,67,89,1,-1,-1,-1
189,-1,670,152,80,92,1,-1,-1,-1
189,-1,880,165,57,75,1,-1,-1,-1
189,-1,778,84,57,88,1,-1,-1,-1
190,-1,1065,326,187,216,1,-1,-1,-1
190,-1,851,260,101,121,1,-1,-1,-1
190,-1,1050,99,67,89,1,-1,-1,-1
190,-1,670,152,80,92,1,-1,-1,-1
190,-1,880,165,57,75,1,-1,-1,-1
190,-1,778,84,57,88,1,-1,-1,-1
191,-1,1037,377,195,218,1,-1,-1,-1
191,-1,865,288,96,121,1,-1,-1,-1
191,-1,679,149,82,101,1,-1,-1,-1
191,-1,884,159,76,84,1,-1,-1,-1
191,-1,812,87,66,81,1,-1,-1,-1
191,-1,1086,89,70,85,1,-1,-1,-1
192,-1,1037,377,195,218,1,-1,-1,-1
192,-1,865,288,96,121,1,-1,-1,-1
192,-1,679,149,82,101,1,-1,-1,-1
192,-1,884,159,76,84,1,-1,-1,-1
192,-1,812,87,66,81,1,-1,-1,-1
192,-1,1086,89,70,85,1,-1,-1,-1
193,-1,1037,377,195,218,1,-1,-1,-1
193,-1,865,288,96,121,1,-1,-1,-1
193,-1,679,149,82,101,1,-1,-1,-1
193,-1,884,159,76,84,1,-1,-1,-1
193,-1,812,87,66,81,1,-1,-1,-1
193,-1,1086,89,70,85,1,-1,-1,-1
194,-1,1037,377,195,218,1,-1,-1,-1
194,-1,865,288,96,121,1,-1,-1,-1
194,-1,679,149,82,101,1,-1,-1,-1
194,-1,884,159,76,84,1,-1,-1,-1
194,-1,812,87,66,81,1,-1,-1,-1
194,-1,1086,89,70,85,1,-1,-1,-1
195,-1,1037,377,195,218,1,-1,-1,-1
195,-1,865,288,96,121,1,-1,-1,-1
195,-1,679,149,82,101,1,-1,-1,-1
195,-1,884,159,76,84,1,-1,-1,-1
195,-1,812,87,66,81,1,-1,-1,-1
195,-1,1086,89,70,85,1,-1,-1,-1
196,-1,1009,378,201,235,1,-1,-1,-1
196,-1,845,284,116,148,1,-1,-1,-1
196,-1,684,154,85,106,1,-1,-1,-1
196,-1,908,181,65,83,1,-1,-1,-1
196,-1,1092,90,75,96,1,-1,-1,-1
196,-1,823,90,81,97,1,-1,-1,-1
197,-1,1009,378,201,235,1,-1,-1,-1
197,-1,845,284,116,148,1,-1,-1,-1
197,-1,684,154,85,106,1,-1,-1,-1
197,-1,908,181,65,83,1,-1,-1,-1
197,-1,1092,90,75,96,1,-1,-1,-1
197,-1,823,90,81,97,1,-1,-1,-1
198,-1,1009,378,201,235,1,-1,-1,-1
198,-1,845,284,116,148,1,-1,-1,-1
198,-1,684,154,85,106,1,-1,-1,-1
198,-1,908,181,65,83,1,-1,-1,-1
198,-1,1092,90,75,96,1,-1,-1,-1
198,-1,823,90,81,97,1,-1,-1,-1
199,-1,1009,378,201,235,1,-1,-1,-1
199,-1,845,284,116,148,1,-1,-1,-1
199,-1,684,154,85,106,1,-1,-1,-1
199,-1,908,181,65,83,1,-1,-1,-1
199,-1,1092,90,75,96,1,-1,-1,-1
199,-1,823,90,81,97,1,-1,-1,-1
200,-1,1009,378,201,235,1,-1,-1,-1
200,-1,845,284,116,148,1,-1,-1,-1
200,-1,684,154,85,106,1,-1,-1,-1
200,-1,908,181,65,83,1,-1,-1,-1
200,-1,1092,90,75,96,1,-1,-1,-1
200,-1,823,90,81,97,1,-1,-1,-1
201,-1,1004,412,207,251,1,-1,-1,-1
201,-1,685,166,90,100,1,-1,-1,-1
201,-1,858,298,121,146,1,-1,-1,-1
201,-1,1096,113,75,98,1,-1,-1,-1
201,-1,832,97,72,89,1,-1,-1,-1
201,-1,920,182,66,84,1,-1,-1,-1
202,-1,1004,412,207,251,1,-1,-1,-1
202,-1,685,166,90,100,1,-1,-1,-1
202,-1,858,298,121,146,1,-1,-1,-1
202,-1,1096,113,75,98,1,-1,-1,-1
202,-1,832,97,72,89,1,-1,-1,-1
202,-1,920,182,66,84,1,-1,-1,-1
203,-1,1004,412,207,251,1,-1,-1,-1
203,-1,685,166,90,100,1,-1,-1,-1
203,-1,858,298,121,146,1,-1,-1,-1
203,-1,1096,113,75,98,1,-1,-1,-1
203,-1,832,97,72,89,1,-1,-1,-1
203,-1,920,182,66,84,1,-1,-1,-1
204,-1,1004,412,207,251,1,-1,-1,-1
204,-1,685,166,90,100,1,-1,-1,-1
204,-1,858,298,121,146,1,-1,-1,-1
204,-1,1096,113,75,98,1,-1,-1,-1
204,-1,832,97,72,89,1,-1,-1,-1
204,-1,920,182,66,84,1,-1,-1,-1
205,-1,1004,412,207,251,1,-1,-1,-1
205,-1,685,166,90,100,1,-1,-1,-1
205,-1,858,298,121,146,1,-1,-1,-1
205,-1,1096,113,75,98,1,-1,-1,-1
205,-1,832,97,72,89,1,-1,-1,-1
205,-1,920,182,66,84,1,-1,-1,-1
206,-1,1029,465,226,261,1,-1,-1,-1
206,-1,1100,104,80,108,1,-1,-1,-1
206,-1,693,177,92,106,1,-1,-1,-1
206,-1,844,313,125,154,1,-1,-1,-1
206,-1,847,102,61,81,1,-1,-1,-1
206,-1,929,184,75,97,1,-1,-1,-1
207,-1,1029,465,226,261,1,-1,-1,-1
207,-1,1100,104,80,108,1,-1,-1,-1
207,-1,693,177,92,106,1,-1,-1,-1
207,-1,844,313,125,154,1,-1,-1,-1
207,-1,847,102,61,81,1,-1,-1,-1
207,-1,929,184,75,97,1,-1,-1,-1
208,-1,1029,465,226,261,1,-1,-1,-1
208,-1,1100,104,80,108,1,-1,-1,-1
208,-1,693,177,92,106,1,-1,-1,-1
208,-1,844,313,125,154,1,-1,-1,-1
208,-1,847,102,61,81,1,-1,-1,-1
208,-1,929,184,75,97,1,-1,-1,-1
209,-1,1029,465,226,261,1,-1,-1,-1
209,-1,1100,104,80,108,1,-1,-1,-1
209,-1,693,177,92,106,1,-1,-1,-1
209,-1,844,313,125,154,1,-1,-1,-1
209,-1,847,102,61,81,1,-1,-1,-1
209,-1,929,184,75,97,1,-1,-1,-1
210,-1,1029,465,226,261,1,-1,-1,-1
210,-1,1100,104,80,108,1,-1,-1,-1
210,-1,693,177,92,106,1,-1,-1,-1
210,-1,844,313,125,154,1,-1,-1,-1
210,-1,847,102,61,81,1,-1,-1,-1
210,-1,929,184,75,97,1,-1,-1,-1
211,-1,1047,462,237,282,1,-1,-1,-1
211,-1,820,341,110,137,1,-1,-1,-1
211,-1,952,197,75,97,1,-1,-1,-1
211,-1,1130,122,85,107,1,-1,-1,-1
211,-1,709,183,86,107,1,-1,-1,-1
211,-1,850,123,75,84,1,-1,-1,-1
211,-1,795,109,51,66,1,-1,-1,-1
212,-1,1047,462,237,282,1,-1,-1,-1
212,-1,820,341,110,137,1,-1,-1,-1
212,-1,952,197,75,97,1,-1,-1,-1
212,-1,1130,122,85,107,1,-1,-1,-1
212,-1,709,183,86,107,1,-1,-1,-1
212,-1,850,123,75,84,1,-1,-1,-1
212,-1,795,109,51,66,1,-1,-1,-1
213,-1,1047,462,237,282,1,-1,-1,-1
213,-1,820,341,110,137,1,-1,-1,-1
213,-1,952,197,75,97,1,-1,-1,-1
213,-1,1130,122,85,107,1,-1,-1,-1
213,-1,709,183,86,107,1,-1,-1,-1
213,-1,850,123,75,84,1,-1,-1,-1
213,-1,795,109,51,66,1,-1,-1,-1
214,-1,1047,462,237,282,1,-1,-1,-1
214,-1,820,341,110,137,1,-1,-1,-1
214,-1,952,197,75,97,1,-1,-1,-1
214,-1,1130,122,85,107,1,-1,-1,-1
214,-1,709,183,86,107,1,-1,-1,-1
214,-1,850,123,75,84,1,-1,-1,-1
214,-1,795,109,51,66,1,-1,-1,-1
215,-1,1047,462,237,282,1,-1,-1,-1
215,-1,820,341,110,137,1,-1,-1,-1
215,-1,952,197,75,97,1,-1,-1,-1
215,-1,1130,122,85,107,1,-1,-1,-1
215,-1,709,183,86,107,1,-1,-1,-1
215,-1,850,123,75,84,1,-1,-1,-1
215,-1,795,109,51,66,1,-1,-1,-1
216,-1,1005,539,261,293,1,-1,-1,-1
216,-1,759,360,135,152,1,-1,-1,-1
216,-1,1161,133,82,99,1,-1,-1,-1
216,-1,735,197,91,117,1,-1,-1,-1
216,-1,963,188,82,107,1,-1,-1,-1
216,-1,854,106,75,97,1,-1,-1,-1
216,-1,812,108,50,64,1,-1,-1,-1
217,-1,1005,539,261,293,1,-1,-1,-1
217,-1,759,360,135,152,1,-1,-1,-1
217,-1,1161,133,82,99,1,-1,-1,-1
217,-1,735,197,91,117,1,-1,-1,-1
217,-1,963,188,82,107,1,-1,-1,-1
217,-1,854,106,75,97,1,-1,-1,-1
217,-1,812,108,50,64,1,-1,-1,-1
218,-1,1005,539,261,293,1,-1,-1,-1
218,-1,759,360,135,152,1,-1,-1,-1
218,-1,1161,133,82,99,1,-1,-1,-1
218,-1,735,197,91,117,1,-1,-1,-1
218,-1,963,188,82,107,1,-1,-1,-1
218,-1,854,106,75,97,1,-1,-1,-1
218,-1,812,108,50,64,1,-1,-1,-1
219,-1,1005,539,261,293,1,-1,-1,-1
219,-1,759,360,135,152,1,-1,-1,-1
219,-1,1161,133,82,99,1,-1,-1,-1
219,-1,735,197,91,117,1,-1,-1,-1
219,-1,963,188,82,107,1,-1,-1,-1
219,-1,854,106,75,97,1,-1,-1,-1
219,-1,812,108,50,64,1,-1,-1,-1
220,-1,1005,539,261,293,1,-1,-1,-1
220,-1,759,360,135,152,1,-1,-1,-1
220,-1,1161,133,82,99,1,-1,-1,-1
220,-1,735,197,91,117,1,-1,-1,-1
220,-1,963,188,82,107,1,-1,-1,-1
220,-1,854,106,75,97,1,-1,-1,-1
220,-1,812,108,50,64,1,-1,-1,-1
221,-1,899,595,266,292,1,-1,-1,-1
221,-1,704,367,146,163,1,-1,-1,-1
221,-1,1168,126,90,109,1,-1,-1,-1
221,-1,753,188,102,133,1,-1,-1,-1
221,-1,850,124,75,84,1,-1,-1,-1
221,-1,983,219,80,96,1,-1,-1,-1
222,-1,899,595,266,292,1,-1,-1,-1
222,-1,704,367,146,163,1,-1,-1,-1
222,-1,1168,126,90,109,1,-1,-1,-1
222,-1,753,188,102,133,1,-1,-1,-1
222,-1,850,124,75,84,1,-1,-1,-1
222,-1,983,219,80,96,1,-1,-1,-1
223,-1,899,595,266,292,1,-1,-1,-1
223,-1,704,367,146,163,1,-1,-1,-1
223,-1,1168,126,90,109,1,-1,-1,-1
223,-1,753,188,102,133,1,-1,-1,-1
223,-1,850,124,75,84,1,-1,-1,-1
223,-1,983,219,80,96,1,-1,-1,-1
224,-1,899,595,266,292,1,-1,-1,-1
224,-1,704,367,146,163,1,-1,-1,-1
224,-1,1168,126,90,109,1,-1,-1,-1
224,-1,753,188,102,133,1,-1,-1,-1
224,-1,850,124,75,84,1,-1,-1,-1
224,-1,983,219,80,96,1,-1,-1,-1
225,-1,899,595,266,292,1,-1,-1,-1
225,-1,704,367,146,163,1,-1,-1,-1
225,-1,1168,126,90,109,1,-1,-1,-1
225,-1,753,188,102,133,1,-1,-1,-1
225,-1,850,124,75,84,1,-1,-1,-1
225,-1,983,219,80,96,1,-1,-1,-1
226,-1,801,630,280,313,1,-1,-1,-1
226,-1,653,394,140,181,1,-1,-1,-1
226,-1,749,211,105,121,1,-1,-1,-1
226,-1,1166,141,96,120,1,-1,-1,-1
226,-1,976,220,81,104,1,-1,-1,-1
226,-1,834,127,86,99,1,-1,-1,-1
226,-1,891,115,55,67,1,-1,-1,-1
227,-1,801,630,280,313,1,-1,-1,-1
227,-1,653,394,140,181,1,-1,-1,-1
227,-1,749,211,105,121,1,-1,-1,-1
227,-1,1166,141,96,120,1,-1,-1,-1
227,-1,976,220,81,104,1,-1,-1,-1
227,-1,834,127,86,99,1,-1,-1,-1
227,-1,891,115,55,67,1,-1,-1,-1
228,-1,801,630,280,313,1,-1,-1,-1
228,-1,653,394,140,181,1,-1,-1,-1
228,-1,749,211,105,121,1,-1,-1,-1
228,-1,1166,141,96,120,1,-1,-1,-1
228,-1,976,220,81,104,1,-1,-1,-1
228,-1,834,127,86,99,1,-1,-1,-1
228,-1,891,115,55,67,1,-1,-1,-1
229,-1,801,630,280,313,1,-1,-1,-1
229,-1,653,394,140,181,1,-1,-1,-1
229,-1,749,211,105,121,1,-1,-1,-1
229,-1,1166,141,96,120,1,-1,-1,-1
229,-1,976,220,81,104,1,-1,-1,-1
229,-1,834,127,86,99,1,-1,-1,-1
229,-1,891,115,55,67,1,-1,-1,-1
230,-1,801,630,280,313,1,-1,-1,-1
230,-1,653,394,140,181,1,-1,-1,-1
230,-1,749,211,105,121,1,-1,-1,-1
230,-1,1166,141,96,120,1,-1,-1,-1
230,-1,976,220,81,104,1,-1,-1,-1
230,-1,834,127,86,99,1,-1,-1,-1
230,-1,891,115,55,67,1,-1,-1,-1
231,-1,612,403,137,187,1,-1,-1,-1
231,-1,745,724,291,323,1,-1,-1,-1
231,-1,747,228,91,112,1,-1,-1,-1
231,-1,836,138,67,77,1,-1,-1,-1
231,-1,993,238,82,97,1,-1,-1,-1
231,-1,1172,131,100,129,1,-1,-1,-1
231,-1,780,63,47,67,1,-1,-1,-1
231,-1,925,121,56,68,1,-1,-1,-1
232,-1,612,403,137,187,1,-1,-1,-1
232,-1,745,724,291,323,1,-1,-1,-1
232,-1,747,228,91,112,1,-1,-1,-1
232,-1,836,138,67,77,1,-1,-1,-1
232,-1,993,238,82,97,1,-1,-1,-1
232,-1,1172,131,100,129,1,-1,-1,-1
232,-1,780,63,47,67,1,-1,-1,-1
232,-1,925,121,56,68,1,-1,-1,-1
233,-1,612,403,137,187,1,-1,-1,-1
233,-1,745,724,291,323,1,-1,-1,-1
233,-1,747,228,91,112,1,-1,-1,-1
233,-1,836,138,67,77,1,-1,-1,-1
233,-1,993,238,82,97,1,-1,-1,-1
233,-1,1172,131,100,129,1,-1,-1,-1
233,-1,780,63,47,67,1,-1,-1,-1
233,-1,925,121,56,68,1,-1,-1,-1
234,-1,612,403,137,187,1,-1,-1,-1
234,-1,745,724,291,323,1,-1,-1,-1
234,-1,747,228,91,112,1,-1,-1,-1
234,-1,836,138,67,77,1,-1,-1,-1
234,-1,993,238,82,97,1,-1,-1,-1
234,-1,1172,131,100,129,1,-1,-1,-1
234,-1,780,63,47,67,1,-1,-1,-1
234,-1,925,121,56,68,1,-1,-1,-1
235,-1,612,403,137,187,1,-1,-1,-1
235,-1,745,724,291,323,1,-1,-1,-1
235,-1,747,228,91,112,1,-1,-1,-1
235,-1,836,138,67,77,1,-1,-1,-1
235,-1,993,238,82,97,1,-1,-1,-1
235,-1,1172,131,100,129,1,-1,-1,-1
235,-1,780,63,47,67,1,-1,-1,-1
235,-1,925,121,56,68,1,-1,-1,-1
236,-1,553,440,132,171,1,-1,-1,-1
236,-1,750,230,110,121,1,-1,-1,-1
236,-1,1195,151,97,124,1,-1,-1,-1
236,-1,792,60,55,74,1,-1,-1,-1
236,-1,839,148,86,97,1,-1,-1,-1
236,-1,690,756,301,323,1,-1,-1,-1
236,-1,950,113,57,74,1,-1,-1,-1
236,-1,1011,256,87,120,1,-1,-1,-1
237,-1,553,440,132,171,1,-1,-1,-1
237,-1,750,230,110,121,1,-1,-1,-1
237,-1,1195,151,97,124,1,-1,-1,-1
237,-1,792,60,55,74,1,-1,-1,-1
237,-1,839,148,86,97,1,-1,-1,-1
237,-1,690,756,301,323,1,-1,-1,-1
237,-1,950,113,57,74,1,-1,-1,-1
237,-1,1011,256,87,120,1,-1,-1,-1
238,-1,553,440,132,171,1,-1,-1,-1
238,-1,750,230,110,121,1,-1,-1,-1
238,-1,1195,151,97,124,1,-1,-1,-1
238,-1,792,60,55,74,1,-1,-1,-1
238,-1,839,148,86,97,1,-1,-1,-1
238,-1,690,756,301,323,1,-1,-1,-1
238,-1,950,113,57,74,1,-1,-1,-1
238,-1,1011,256,87,120,1,-1,-1,-1
239,-1,553,440,132,171,1,-1,-1,-1
239,-1,750,230,110,121,1,-1,-1,-1
239,-1,1195,151,97,124,1,-1,-1,-1
239,-1,792,60,55,74,1,-1,-1,-1
239,-1,839,148,86,97,1,-1,-1,-1
239,-1,690,756,301,323,1,-1,-1,-1
239,-1,950,113,57,74,1,-1,-1,-1
239,-1,1011,256,87,120,1,-1,-1,-1
240,-1,553,440,132,171,1,-1,-1,-1
240,-1,750,230,110,121,1,-1,-1,-1
240,-1,1195,151,97,124,1,-1,-1,-1
240,-1,792,60,55,74,1,-1,-1,-1
240,-1,839,148,86,97,1,-1,-1,-1
240,-1,690,756,301,323,1,-1,-1,-1
240,-1,950,113,57,74,1,-1,-1,-1
240,-1,1011,256,87,120,1,-1,-1,-1
241,-1,850,152,85,104,1,-1,-1,-1
241,-1,1226,170,100,124,1,-1,-1,-1
241,-1,452,439,181,208,1,-1,-1,-1
241,-1,778,260,101,117,1,-1,-1,-1
241,-1,798,58,81,83,1,-1,-1,-1
241,-1,1034,253,91,116,1,-1,-1,-1
241,-1,960,126,56,75,1,-1,-1,-1
242,-1,850,152,85,104,1,-1,-1,-1
242,-1,1226,170,100,124,1,-1,-1,-1
242,-1,452,439,181,208,1,-1,-1,-1
242,-1,778,260,101,117,1,-1,-1,-1
242,-1,798,58,81,83,1,-1,-1,-1
242,-1,1034,253,91,116,1,-1,-1,-1
242,-1,960,126,56,75,1,-1,-1,-1
243,-1,850,152,85,104,1,-1,-1,-1
243,-1,1226,170,100,124,1,-1,-1,-1
243,-1,452,439,181,208,1,-1,-1,-1
243,-1,778,260,101,117,1,-1,-1,-1
243,-1,798,58,81,83,1,-1,-1,-1
243,-1,1034,253,91,116,1,-1,-1,-1
243,-1,960,126,56,75,1,-1,-1,-1
244,-1,850,152,85,104,1,-1,-1,-1
244,-1,1226,170,100,124,1,-1,-1,-1
244,-1,452,439,181,208,1,-1,-1,-1
244,-1,778,260,101,117,1,-1,-1,-1
244,-1,798,58,81,83,1,-1,-1,-1
244,-1,1034,253,91,116,1,-1,-1,-1
244,-1,960,126,56,75,1,-1,-1,-1
245,-1,850,152,85,104,1,-1,-1,-1
245,-1,1226,170,100,124,1,-1,-1,-1
245,-1,452,439,181,208,1,-1,-1,-1
245,-1,778,260,101,117,1,-1,-1,-1
245,-1,798,58,81,83,1,-1,-1,-1
245,-1,1034,253,91,116,1,-1,-1,-1
245,-1,960,126,56,75,1,-1,-1,-1
246,-1,789,265,116,129,1,-1,-1,-1
246,-1,1051,281,96,115,1,-1,-1,-1
246,-1,372,450,157,229,1,-1,-1,-1
246,-1,862,143,92,101,1,-1,-1,-1
246,-1,1247,177,91,124,1,-1,-1,-1
246,-1,835,68,67,85,1,-1,-1,-1
246,-1,974,134,62,68,1,-1,-1,-1
247,-1,789,265,116,129,1,-1,-1,-1
247,-1,1051,281,96,115,1,-1,-1,-1
247,-1,372,450,157,229,1,-1,-1,-1
247,-1,862,143,92,101,1,-1,-1,-1
247,-1,1247,177,91,124,1,-1,-1,-1
247,-1,835,68,67,85,1,-1,-1,-1
247,-1,974,134,62,68,1,-1,-1,-1
248,-1,789,265,116,129,1,-1,-1,-1
248,-1,1051,281,96,115,1,-1,-1,-1
248,-1,372,450,157,229,1,-1,-1,-1
248,-1,862,143,92,101,1,-1,-1,-1
248,-1,1247,177,91,124,1,-1,-1,-1
248,-1,835,68,67,85,1,-1,-1,-1
248,-1,974,134,62,68,1,-1,-1,-1
249,-1,789,265,116,129,1,-1,-1,-1
249,-1,1051,281,96,115,1,-1,-1,-1
249,-1,372,450,157,229,1,-1,-1,-1
249,-1,862,143,92,101,1,-1,-1,-1
249,-1,1247,177,91,124,1,-1,-1,-1
249,-1,835,68,67,85,1,-1,-1,-1
249,-1,974,134,62,68,1,-1,-1,-1
250,-1,789,265,116,129,1,-1,-1,-1
250,-1,1051,281,96,115,1,-1,-1,-1
250,-1,372,450,157,229,1,-1,-1,-1
250,-1,862,143,92,101,1,-1,-1,-1
250,-1,1247,177,91,124,1,-1,-1,-1
250,-1,835,68,67,85,1,-1,-1,-1
250,-1,974,134,62,68,1,-1,-1,-1
251,-1,811,269,107,121,1,-1,-1,-1
251,-1,279,510,172,197,1,-1,-1,-1
251,-1,1239,185,112,138,1,-1,-1,-1
251,-1,973,135,62,84,1,-1,-1,-1
251,-1,866,60,62,73,1,-1,-1,-1
251,-1,858,171,91,107,1,-1,-1,-1
251,-1,1065,295,96,116,1,-1,-1,-1
252,-1,811,269,107,121,1,-1,-1,-1
252,-1,279,510,172,197,1,-1,-1,-1
252,-1,1239,185,112,138,1,-1,-1,-1
252,-1,973,135,62,84,1,-1,-1,-1
252,-1,866,60,62,73,1,-1,-1,-1
252,-1,858,171,91,107,1,-1,-1,-1
252,-1,1065,295,96,116,1,-1,-1,-1
253,-1,811,269,107,121,1,-1,-1,-1
253,-1,279,510,172,197,1,-1,-1,-1
253,-1,1239,185,112,138,1,-1,-1,-1
253,-1,973,135,62,84,1,-1,-1,-1
253,-1,866,60,62,73,1,-1,-1,-1
253,-1,858,171,91,107,1,-1,-1,-1
253,-1,1065,295,96,116,1,-1,-1,-1
254,-1,811,269,107,121,1,-1,-1,-1
254,-1,279,510,172,197,1,-1,-1,-1
254,-1,1239,185,112,138,1,-1,-1,-1
254,-1,973,135,62,84,1,-1,-1,-1
254,-1,866,60,62,73,1,-1,-1,-1
254,-1,858,171,91,107,1,-1,-1,-1
254,-1,1065,295,96,116,1,-1,-1,-1
255,-1,811,269,107,121,1,-1,-1,-1
255,-1,279,510,172,197,1,-1,-1,-1
255,-1,1239,185,112,138,1,-1,-1,-1
255,-1,973,135,62,84,1,-1,-1,-1
255,-1,866,60,62,73,1,-1,-1,-1
255,-1,858,171,91,107,1,-1,-1,-1
255,-1,1065,295,96,116,1,-1,-1,-1
256,-1,223,548,172,235,1,-1,-1,-1
256,-1,806,291,126,145,1,-1,-1,-1
256,-1,1081,317,91,114,1,-1,-1,-1
256,-1,1238,185,115,138,1,-1,-1,-1
256,-1,989,140,76,77,1,-1,-1,-1
256,-1,854,174,96,120,1,-1,-1,-1
256,-1,863,76,81,89,1,-1,-1,-1
257,-1,223,548,172,235,1,-1,-1,-1
257,-1,806,291,126,145,1,-1,-1,-1
257,-1,1081,317,91,114,1,-1,-1,-1
257,-1,1238,185,115,138,1,-1,-1,-1
257,-1,989,140,76,77,1,-1,-1,-1
257,-1,854,174,96,120,1,-1,-1,-1
257,-1,863,76,81,89,1,-1,-1,-1
258,-1,223,548,172,235,1,-1,-1,-1
258,-1,806,291,126,145,1,-1,-1,-1
258,-1,1081,317,91,114,1,-1,-1,-1
258,-1,1238,185,115,138,1,-1,-1,-1
258,-1,989,140,76,77,1,-1,-1,-1
258,-1,854,174,96,120,1,-1,-1,-1
258,-1,863,76,81,89,1,-1,-1,-1
259,-1,223,548,172,235,1,-1,-1,-1
259,-1,806,291,126,145,1,-1,-1,-1
259,-1,1081,317,91,114,1,-1,-1,-1
259,-1,1238,185,115,138,1,-1,-1,-1
259,-1,989,140,76,77,1,-1,-1,-1
259,-1,854,174,96,120,1,-1,-1,-1
259,-1,863,76,81,89,1,-1,-1,-1
260,-1,223,548,172,235,1,-1,-1,-1
260,-1,806,291,126,145,1,-1,-1,-1
260,-1,1081,317,91,114,1,-1,-1,-1
260,-1,1238,185,115,138,1,-1,-1,-1
260,-1,989,140,76,77,1,-1,-1,-1
260,-1,854,174,96,120,1,-1,-1,-1
260,-1,863,76,81,89,1,-1,-1,-1
261,-1,1269,209,120,136,1,-1,-1,-1
261,-1,138,562,177,256,1,-1,-1,-1
261,-1,802,286,120,138,1,-1,-1,-1
261,-1,1086,331,111,133,1,-1,-1,-1
261,-1,857,86,66,73,1,-1,-1,-1
261,-1,860,179,96,116,1,-1,-1,-1
261,-1,1033,152,56,81,1,-1,-1,-1
262,-1,1269,209,120,136,1,-1,-1,-1
262,-1,138,562,177,256,1,-1,-1,-1
262,-1,802,286,120,138,1,-1,-1,-1
262,-1,1086,331,111,133,1,-1,-1,-1
262,-1,857,86,66,73,1,-1,-1,-1
262,-1,860,179,96,116,1,-1,-1,-1
262,-1,1033,152,56,81,1,-1,-1,-1
263,-1,1269,209,120,136,1,-1,-1,-1
263,-1,138,562,177,256,1,-1,-1,-1
263,-1,802,286,120,138,1,-1,-1,-1
263,-1,1086,331,111,133,1,-1,-1,-1
263,-1,857,86,66,73,1,-1,-1,-1
263,-1,860,179,96,116,1,-1,-1,-1
263,-1,1033,152,56,81,1,-1,-1,-1
264,-1,1269,209,120,136,1,-1,-1,-1
264,-1,138,562,177,256,1,-1,-1,-1
264,-1,802,286,120,138,1,-1,-1,-1
264,-1,1086,331,111,133,1,-1,-1,-1
264,-1,857,86,66,73,1,-1,-1,-1
264,-1,860,179,96,116,1,-1,-1,-1
264,-1,1033,152,56,81,1,-1,-1,-1
265,-1,1269,209,120,136,1,-1,-1,-1
265,-1,138,562,177,256,1,-1,-1,-1
265,-1,802,286,120,138,1,-1,-1,-1
265,-1,1086,331,111,133,1,-1,-1,-1
265,-1,857,86,66,73,1,-1,-1,-1
265,-1,860,179,96,116,1,-1,-1,-1
265,-1,1033,152,56,81,1,-1,-1,-1
266,-1,798,292,141,157,1,-1,-1,-1
266,-1,0,604,251,297,1,-1,-1,-1
266,-1,870,194,101,124,1,-1,-1,-1
266,-1,844,79,72,88,1,-1,-1,-1
266,-1,1091,320,112,138,1,-1,-1,-1
266,-1,1305,229,132,157,1,-1,-1,-1
266,-1,1036,143,70,82,1,-1,-1,-1
267,-1,798,292,141,157,1,-1,-1,-1
267,-1,0,604,251,297,1,-1,-1,-1
267,-1,870,194,101,124,1,-1,-1,-1
267,-1,844,79,72,88,1,-1,-1,-1
267,-1,1091,320,112,138,1,-1,-1,-1
267,-1,1305,229,132,157,1,-1,-1,-1
267,-1,1036,143,70,82,1,-1,-1,-1
268,-1,798,292,141,157,1,-1,-1,-1
268,-1,0,604,251,297,1,-1,-1,-1
268,-1,870,194,101,124,1,-1,-1,-1
268,-1,844,79,72,88,1,-1,-1,-1
268,-1,1091,320,112,138,1,-1,-1,-1
268,-1,1305,229,132,157,1,-1,-1,-1
268,-1,1036,143,70,82,1,-1,-1,-1
269,-1,798,292,141,157,1,-1,-1,-1
269,-1,0,604,251,297,1,-1,-1,-1
269,-1,870,194,101,124,1,-1,-1,-1
269,-1,844,79,72,88,1,-1,-1,-1
269,-1,1091,320,112,138,1,-1,-1,-1
269,-1,1305,229,132,157,1,-1,-1,-1
269,-1,1036,143,70,82,1,-1,-1,-1
270,-1,798,292,141,157,1,-1,-1,-1
270,-1,0,604,251,297,1,-1,-1,-1
270,-1,870,194,101,124,1,-1,-1,-1
270,-1,844,79,72,88,1,-1,-1,-1
270,-1,1091,320,112,138,1,-1,-1,-1
270,-1,1305,229,132,157,1,-1,-1,-1
270,-1,1036,143,70,82,1,-1,-1,-1
271,-1,814,331,137,155,1,-1,-1,-1
271,-1,1329,213,136,178,1,-1,-1,-1
271,-1,885,193,106,130,1,-1,-1,-1
271,-1,1041,159,66,82,1,-1,-1,-1
271,-1,846,91,71,90,1,-1,-1,-1
271,-1,1082,379,101,132,1,-1,-1,-1
272,-1,814,331,137,155,1,-1,-1,-1
272,-1,1329,213,136,178,1,-1,-1,-1
272,-1,885,193,106,130,1,-1,-1,-1
272,-1,1041,159,66,82,1,-1,-1,-1
272,-1,846,91,71,90,1,-1,-1,-1
272,-1,1082,379,101,132,1,-1,-1,-1
273,-1,814,331,137,155,1,-1,-1,-1
273,-1,1329,213,136,178,1,-1,-1,-1
273,-1,885,193,106,130,1,-1,-1,-1
273,-1,1041,159,66,82,1,-1,-1,-1
273,-1,846,91,71,90,1,-1,-1,-1
273,-1,1082,379,101,132,1,-1,-1,-1
274,-1,814,331,137,155,1,-1,-1,-1
274,-1,1329,213,136,178,1,-1,-1,-1
274,-1,885,193,106,130,1,-1,-1,-1
274,-1,1041,159,66,82,1,-1,-1,-1
274,-1,846,91,71,90,1,-1,-1,-1
274,-1,1082,379,101,132,1,-1,-1,-1
275,-1,814,331,137,155,1,-1,-1,-1
275,-1,1329,213,136,178,1,-1,-1,-1
275,-1,885,193,106,130,1,-1,-1,-1
275,-1,1041,159,66,82,1,-1,-1,-1
275,-1,846,91,71,90,1,-1,-1,-1
275,-1,1082,379,101,132,1,-1,-1,-1
276,-1,829,348,125,147,1,-1,-1,-1
276,-1,1335,258,141,173,1,-1,-1,-1
276,-1,896,215,100,124,1,-1,-1,-1
276,-1,856,92,82,92,1,-1,-1,-1
276,-1,1040,171,70,84,1,-1,-1,-1
276,-1,1065,395,110,132,1,-1,-1,-1
277,-1,829,348,125,147,1,-1,-1,-1
277,-1,1335,258,141,173,1,-1,-1,-1
277,-1,896,215,100,124,1,-1,-1,-1
277,-1,856,92,82,92,1,-1,-1,-1
277,-1,1040,171,70,84,1,-1,-1,-1
277,-1,1065,395,110,132,1,-1,-1,-1
278,-1,829,348,125,147,1,-1,-1,-1
278,-1,1335,258,141,173,1,-1,-1,-1
278,-1,896,215,100,124,1,-1,-1,-1
278,-1,856,92,82,92,1,-1,-1,-1
278,-1,1040,171,70,84,1,-1,-1,-1
278,-1,1065,395,110,132,1,-1,-1,-1
279,-1,829,348,125,147,1,-1,-1,-1
279,-1,1335,258,141,173,1,-1,-1,-1
279,-1,896,215,100,124,1,-1,-1,-1
279,-1,856,92,82,92,1,-1,-1,-1
279,-1,1040,171,70,84,1,-1,-1,-1
279,-1,1065,395,110,132,1,-1,-1,-1
280,-1,829,348,125,147,1,-1,-1,-1
280,-1,1335,258,141,173,1,-1,-1,-1
280,-1,896,215,100,124,1,-1,-1,-1
280,-1,856,92,82,92,1,-1,-1,-1
280,-1,1040,171,70,84,1,-1,-1,-1
280,-1,1065,395,110,132,1,-1,-1,-1
281,-1,1301,247,167,216,1,-1,-1,-1
281,-1,808,367,136,165,1,-1,-1,-1
281,-1,891,224,107,139,1,-1,-1,-1
281,-1,852,96,81,100,1,-1,-1,-1
281,-1,1047,409,106,148,1,-1,-1,-1
281,-1,1055,165,75,92,1,-1,-1,-1
282,-1,1301,247,167,216,1,-1,-1,-1
282,-1,808,367,136,165,1,-1,-1,-1
282,-1,891,224,107,139,1,-1,-1,-1
282,-1,852,96,81,100,1,-1,-1,-1
282,-1,1047,409,106,148,1,-1,-1,-1
282,-1,1055,165,75,92,1,-1,-1,-1
283,-1,1301,247,167,216,1,-1,-1,-1
283,-1,808,367,136,165,1,-1,-1,-1
283,-1,891,224,107,139,1,-1,-1,-1
283,-1,852,96,81,100,1,-1,-1,-1
283,-1,1047,409,106,148,1,-1,-1,-1
283,-1,1055,165,75,92,1,-1,-1,-1
284,-1,1301,247,167,216,1,-1,-1,-1
284,-1,808,367,136,165,1,-1,-1,-1
284,-1,891,224,107,139,1,-1,-1,-1
284,-1,852,96,81,100,1,-1,-1,-1
284,-1,1047,409,106,148,1,-1,-1,-1
284,-1,1055,165,75,92,1,-1,-1,-1
285,-1,1301,247,167,216,1,-1,-1,-1
285,-1,808,367,136,165,1,-1,-1,-1
285,-1,891,224,107,139,1,-1,-1,-1
285,-1,852,96,81,100,1,-1,-1,-1
285,-1,1047,409,106,148,1,-1,-1,-1
285,-1,1055,165,75,92,1,-1,-1,-1
286,-1,723,375,176,200,1,-1,-1,-1
286,-1,895,232,115,137,1,-1,-1,-1
286,-1,1321,277,155,192,1,-1,-1,-1
286,-1,1077,189,70,90,1,-1,-1,-1
286,-1,1040,443,105,164,1,-1,-1,-1
286,-1,782,99,55,75,1,-1,-1,-1
286,-1,823,100,97,104,1,-1,-1,-1
287,-1,723,375,176,200,1,-1,-1,-1
287,-1,895,232,115,137,1,-1,-1,-1
287,-1,1321,277,155,192,1,-1,-1,-1
287,-1,1077,189,70,90,1,-1,-1,-1
287,-1,1040,443,105,164,1,-1,-1,-1
287,-1,782,99,55,75,1,-1,-1,-1
287,-1,823,100,97,104,1,-1,-1,-1
288,-1,723,375,176,200,1,-1,-1,-1
288,-1,895,232,115,137,1,-1,-1,-1
288,-1,1321,277,155,192,1,-1,-1,-1
288,-1,1077,189,70,90,1,-1,-1,-1
288,-1,1040,443,105,164,1,-1,-1,-1
288,-1,782,99,55,75,1,-1,-1,-1
288,-1,823,100,97,104,1,-1,-1,-1
289,-1,723,375,176,200,1,-1,-1,-1
289,-1,895,232,115,137,1,-1,-1,-1
289,-1,1321,277,155,192,1,-1,-1,-1
289,-1,1077,189,70,90,1,-1,-1,-1
289,-1,1040,443,105,164,1,-1,-1,-1
289,-1,782,99,55,75,1,-1,-1,-1
289,-1,823,100,97,104,1,-1,-1,-1
290,-1,723,375,176,200,1,-1,-1,-1
290,-1,895,232,115,137,1,-1,-1,-1
290,-1,1321,277,155,192,1,-1,-1,-1
290,-1,1077,189,70,90,1,-1,-1,-1
290,-1,1040,443,105,164,1,-1,-1,-1
290,-1,782,99,55,75,1,-1,-1,-1
290,-1,823,100,97,104,1,-1,-1,-1
291,-1,1357,313,161,203,1,-1,-1,-1
291,-1,651,389,165,195,1,-1,-1,-1
291,-1,899,253,127,155,1,-1,-1,-1
291,-1,1088,187,77,93,1,-1,-1,-1
291,-1,1028,435,116,181,1,-1,-1,-1
291,-1,820,105,90,98,1,-1,-1,-1
291,-1,794,101,55,73,1,-1,-1,-1
292,-1,1357,313,161,203,1,-1,-1,-1
292,-1,651,389,165,195,1,-1,-1,-1
292,-1,899,253,127,155,1,-1,-1,-1
292,-1,1088,187,77,93,1,-1,-1,-1
292,-1,1028,435,116,181,1,-1,-1,-1
292,-1,820,105,90,98,1,-1,-1,-1
292,-1,794,101,55,73,1,-1,-1,-1
293,-1,1357,313,161,203,1,-1,-1,-1
293,-1,651,389,165,195,1,-1,-1,-1
293,-1,899,253,127,155,1,-1,-1,-1
293,-1,1088,187,77,93,1,-1,-1,-1
293,-1,1028,435,116,181,1,-1,-1,-1
293,-1,820,105,90,98,1,-1,-1,-1
293,-1,794,101,55,73,1,-1,-1,-1
294,-1,1357,313,161,203,1,-1,-1,-1
294,-1,651,389,165,195,1,-1,-1,-1
294,-1,899,253,127,155,1,-1,-1,-1
294,-1,1088,187,77,93,1,-1,-1,-1
294,-1,1028,435,116,181,1,-1,-1,-1
294,-1,820,105,90,98,1,-1,-1,-1
294,-1,794,101,55,73,1,-1,-1,-1
295,-1,1357,313,161,203,1,-1,-1,-1
295,-1,651,389,165,195,1,-1,-1,-1
295,-1,899,253,127,155,1,-1,-1,-1
295,-1,1088,187,77,93,1,-1,-1,-1
295,-1,1028,435,116,181,1,-1,-1,-1
295,-1,820,105,90,98,1,-1,-1,-1
295,-1,794,101,55,73,1,-1,-1,-1
296,-1,1356,307,192,212,1,-1,-1,-1
296,-1,607,430,160,193,1,-1,-1,-1
296,-1,914,284,125,140,1,-1,-1,-1
296,-1,1011,490,137,184,1,-1,-1,-1
296,-1,1091,190,90,109,1,-1,-1,-1
296,-1,837,116,81,101,1,-1,-1,-1
297,-1,1356,307,192,212,1,-1,-1,-1
297,-1,607,430,160,193,1,-1,-1,-1
297,-1,914,284,125,140,1,-1,-1,-1
297,-1,1011,490,137,184,1,-1,-1,-1
297,-1,1091,190,90,109,1,-1,-1,-1
297,-1,837,116,81,101,1,-1,-1,-1
298,-1,1356,307,192,212,1,-1,-1,-1
298,-1,607,430,160,193,1,-1,-1,-1
298,-1,914,284,125,140,1,-1,-1,-1
298,-1,1011,490,137,184,1,-1,-1,-1
298,-1,1091,190,90,109,1,-1,-1,-1
298,-1,837,116,81,101,1,-1,-1,-1
299,-1,1356,307,192,212,1,-1,-1,-1
299,-1,607,430,160,193,1,-1,-1,-1
299,-1,914,284,125,140,1,-1,-1,-1
299,-1,1011,490,137,184,1,-1,-1,-1
299,-1,1091,190,90,109,1,-1,-1,-1
299,-1,837,116,81,101,1,-1,-1,-1
300,-1,1356,307,192,212,1,-1,-1,-1
300,-1,607,430,160,193,1,-1,-1,-1
300,-1,914,284,125,140,1,-1,-1,-1
300,-1,1011,490,137,184,1,-1,-1,-1
300,-1,1091,190,90,109,1,-1,-1,-1
300,-1,837,116,81,101,1,-1,-1,-1
301,-1,1360,325,152,248,1,-1,-1,-1
301,-1,540,448,180,210,1,-1,-1,-1
301,-1,971,526,166,185,1,-1,-1,-1
301,-1,1104,214,67,89,1,-1,-1,-1
301,-1,894,267,115,145,1,-1,-1,-1
301,-1,842,117,96,121,1,-1,-1,-1
302,-1,1360,325,152,248,1,-1,-1,-1
302,-1,540,448,180,210,1,-1,-1,-1
302,-1,971,526,166,185,1,-1,-1,-1
302,-1,1104,214,67,89,1,-1,-1,-1
302,-1,894,267,115,145,1,-1,-1,-1
302,-1,842,117,96,121,1,-1,-1,-1
303,-1,1360,325,152,248,1,-1,-1,-1
303,-1,540,448,180,210,1,-1,-1,-1
303,-1,971,526,166,185,1,-1,-1,-1
303,-1,1104,214,67,89,1,-1,-1,-1
303,-1,894,267,115,145,1,-1,-1,-1
303,-1,842,117,96,121,1,-1,-1,-1
304,-1,1360,325,152,248,1,-1,-1,-1
304,-1,540,448,180,210,1,-1,-1,-1
304,-1,971,526,166,185,1,-1,-1,-1
304,-1,1104,214,67,89,1,-1,-1,-1
304,-1,894,267,115,145,1,-1,-1,-1
304,-1,842,117,96,121,1,-1,-1,-1
305,-1,1360,325,152,248,1,-1,-1,-1
305,-1,540,448,180,210,1,-1,-1,-1
305,-1,971,526,166,185,1,-1,-1,-1
305,-1,1104,214,67,89,1,-1,-1,-1
305,-1,894,267,115,145,1,-1,-1,-1
305,-1,842,117,96,121,1,-1,-1,-1
306,-1,1308,368,191,233,1,-1,-1,-1
306,-1,459,455,200,244,1,-1,-1,-1
306,-1,921,547,172,189,1,-1,-1,-1
306,-1,864,120,106,131,1,-1,-1,-1
306,-1,889,300,126,161,1,-1,-1,-1
306,-1,1093,206,87,113,1,-1,-1,-1
307,-1,1308,368,191,233,1,-1,-1,-1
307,-1,459,455,200,244,1,-1,-1,-1
307,-1,921,547,172,189,1,-1,-1,-1
307,-1,864,120,106,131,1,-1,-1,-1
307,-1,889,300,126,161,1,-1,-1,-1
307,-1,1093,206,87,113,1,-1,-1,-1
308,-1,1308,368,191,233,1,-1,-1,-1
308,-1,459,455,200,244,1,-1,-1,-1
308,-1,921,547,172,189,1,-1,-1,-1
308,-1,864,120,106,131,1,-1,-1,-1
308,-1,889,300,126,161,1,-1,-1,-1
308,-1,1093,206,87,113,1,-1,-1,-1
309,-1,1308,368,191,233,1,-1,-1,-1
309,-1,459,455,200,244,1,-1,-1,-1
309,-1,921,547,172,189,1,-1,-1,-1
309,-1,864,120,106,131,1,-1,-1,-1
309,-1,889,300,126,161,1,-1,-1,-1
309,-1,1093,206,87,113,1,-1,-1,-1
310,-1,1308,368,191,233,1,-1,-1,-1
310,-1,459,455,200,244,1,-1,-1,-1
310,-1,921,547,172,189,1,-1,-1,-1
310,-1,864,120,106,131,1,-1,-1,-1
310,-1,889,300,126,161,1,-1,-1,-1
310,-1,1093,206,87,113,1,-1,-1,-1
311,-1,374,531,200,224,1,-1,-1,-1
311,-1,1295,380,192,227,1,-1,-1,-1
311,-1,878,616,175,202,1,-1,-1,-1
311,-1,835,295,142,184,1,-1,-1,-1
311,-1,872,129,92,124,1,-1,-1,-1
311,-1,768,62,76,90,1,-1,-1,-1
311,-1,1099,217,86,113,1,-1,-1,-1
312,-1,374,531,200,224,1,-1,-1,-1
312,-1,1295,380,192,227,1,-1,-1,-1
312,-1,878,616,175,202,1,-1,-1,-1
312,-1,835,295,142,184,1,-1,-1,-1
312,-1,872,129,92,124,1,-1,-1,-1
312,-1,768,62,76,90,1,-1,-1,-1
312,-1,1099,217,86,113,1,-1,-1,-1
313,-1,374,531,200,224,1,-1,-1,-1
313,-1,1295,380,192,227,1,-1,-1,-1
313,-1,878,616,175,202,1,-1,-1,-1
313,-1,835,295,142,184,1,-1,-1,-1
313,-1,872,129,92,124,1,-1,-1,-1
313,-1,768,62,76,90,1,-1,-1,-1
313,-1,1099,217,86,113,1,-1,-1,-1
314,-1,374,531,200,224,1,-1,-1,-1
314,-1,1295,380,192,227,1,-1,-1,-1
314,-1,878,616,175,202,1,-1,-1,-1
314,-1,835,295,142,184,1,-1,-1,-1
314,-1,872,129,92,124,1,-1,-1,-1
314,-1,768,62,76,90,1,-1,-1,-1
314,-1,1099,217,86,113,1,-1,-1,-1
315,-1,374,531,200,224,1,-1,-1,-1
315,-1,1295,380,192,227,1,-1,-1,-1
315,-1,878,616,175,202,1,-1,-1,-1
315,-1,835,295,142,184,1,-1,-1,-1
315,-1,872,129,92,124,1,-1,-1,-1
315,-1,768,62,76,90,1,-1,-1,-1
315,-1,1099,217,86,113,1,-1,-1,-1
316,-1,257,535,217,257,1,-1,-1,-1
316,-1,1285,419,201,274,1,-1,-1,-1
316,-1,788,629,181,208,1,-1,-1,-1
316,-1,816,317,142,180,1,-1,-1,-1
316,-1,1109,234,95,116,1,-1,-1,-1
316,-1,801,57,72,89,1,-1,-1,-1
316,-1,860,158,101,117,1,-1,-1,-1
316,-1,899,120,75,83,1,-1,-1,-1
317,-1,257,535,217,257,1,-1,-1,-1
317,-1,1285,419,201,274,1,-1,-1,-1
317,-1,788,629,181,208,1,-1,-1,-1
317,-1,816,317,142,180,1,-1,-1,-1
317,-1,1109,234,95,116,1,-1,-1,-1
317,-1,801,57,72,89,1,-1,-1,-1
317,-1,860,158,101,117,1,-1,-1,-1
317,-1,899,120,75,83,1,-1,-1,-1
318,-1,257,535,217,257,1,-1,-1,-1
318,-1,1285,419,201,274,1,-1,-1,-1
318,-1,788,629,181,208,1,-1,-1,-1
318,-1,816,317,142,180,1,-1,-1,-1
318,-1,1109,234,95,116,1,-1,-1,-1
318,-1,801,57,72,89,1,-1,-1,-1
318,-1,860,158,101,117,1,-1,-1,-1
318,-1,899,120,75,83,1,-1,-1,-1
319,-1,257,535,217,257,1,-1,-1,-1
319,-1,1285,419,201,274,1,-1,-1,-1
319,-1,788,629,181,208,1,-1,-1,-1
319,-1,816,317,142,180,1,-1,-1,-1
319,-1,1109,234,95,116,1,-1,-1,-1
319,-1,801,57,72,89,1,-1,-1,-1
319,-1,860,158,101,117,1,-1,-1,-1
319,-1,899,120,75,83,1,-1,-1,-1
320,-1,257,535,217,257,1,-1,-1,-1
320,-1,1285,419,201,274,1,-1,-1,-1
320,-1,788,629,181,208,1,-1,-1,-1
320,-1,816,317,142,180,1,-1,-1,-1
320,-1,1109,234,95,116,1,-1,-1,-1
320,-1,801,57,72,89,1,-1,-1,-1
320,-1,860,158,101,117,1,-1,-1,-1
320,-1,899,120,75,83,1,-1,-1,-1
321,-1,1284,437,215,280,1,-1,-1,-1
321,-1,146,570,236,276,1,-1,-1,-1
321,-1,674,668,216,266,1,-1,-1,-1
321,-1,784,345,150,196,1,-1,-1,-1
321,-1,859,156,105,123,1,-1,-1,-1
321,-1,1115,232,91,117,1,-1,-1,-1
321,-1,833,72,77,82,1,-1,-1,-1
321,-1,897,115,90,98,1,-1,-1,-1
322,-1,1284,437,215,280,1,-1,-1,-1
322,-1,146,570,236,276,1,-1,-1,-1
322,-1,674,668,216,266,1,-1,-1,-1
322,-1,784,345,150,196,1,-1,-1,-1
322,-1,859,156,105,123,1,-1,-1,-1
322,-1,1115,232,91,117,1,-1,-1,-1
322,-1,833,72,77,82,1,-1,-1,-1
322,-1,897,115,90,98,1,-1,-1,-1
323,-1,1284,437,215,280,1,-1,-1,-1
323,-1,146,570,236,276,1,-1,-1,-1
323,-1,674,668,216,266,1,-1,-1,-1
323,-1,784,345,150,196,1,-1,-1,-1
323,-1,859,156,105,123,1,-1,-1,-1
323,-1,1115,232,91,117,1,-1,-1,-1
323,-1,833,72,77,82,1,-1,-1,-1
323,-1,897,115,90,98,1,-1,-1,-1
324,-1,1284,437,215,280,1,-1,-1,-1
324,-1,146,570,236,276,1,-1,-1,-1
324,-1,674,668,216,266,1,-1,-1,-1
324,-1,784,345,150,196,1,-1,-1,-1
324,-1,859,156,105,123,1,-1,-1,-1
324,-1,1115,232,91,117,1,-1,-1,-1
324,-1,833,72,77,82,1,-1,-1,-1
324,-1,897,115,90,98,1,-1,-1,-1
325,-1,1284,437,215,280,1,-1,-1,-1
325,-1,146,570,236,276,1,-1,-1,-1
325,-1,674,668,216,266,1,-1,-1,-1
325,-1,784,345,150,196,1,-1,-1,-1
325,-1,859,156,105,123,1,-1,-1,-1
325,-1,1115,232,91,117,1,-1,-1,-1
325,-1,833,72,77,82,1,-1,-1,-1
325,-1,897,115,90,98,1,-1,-1,-1
326,-1,1212,481,241,281,1,-1,-1,-1
326,-1,517,710,232,272,1,-1,-1,-1
326,-1,18,625,246,283,1,-1,-1,-1
326,-1,1109,260,96,121,1,-1,-1,-1
326,-1,749,354,156,195,1,-1,-1,-1
326,-1,859,169,110,130,1,-1,-1,-1
326,-1,878,80,75,80,1,-1,-1,-1
326,-1,916,126,66,82,1,-1,-1,-1
327,-1,1212,481,241,281,1,-1,-1,-1
327,-1,517,710,232,272,1,-1,-1,-1
327,-1,18,625,246,283,1,-1,-1,-1
327,-1,1109,260,96,121,1,-1,-1,-1
327,-1,749,354,156,195,1,-1,-1,-1
327,-1,859,169,110,130,1,-1,-1,-1
327,-1,878,80,75,80,1,-1,-1,-1
327,-1,916,126,66,82,1,-1,-1,-1
328,-1,1212,481,241,281,1,-1,-1,-1
328,-1,517,710,232,272,1,-1,-1,-1
328,-1,18,625,246,283,1,-1,-1,-1
328,-1,1109,260,96,121,1,-1,-1,-1
328,-1,749,354,156,195,1,-1,-1,-1
328,-1,859,169,110,130,1,-1,-1,-1
328,-1,878,80,75,80,1,-1,-1,-1
328,-1,916,126,66,82,1,-1,-1,-1
329,-1,1212,481,241,281,1,-1,-1,-1
329,-1,517,710,232,272,1,-1,-1,-1
329,-1,18,625,246,283,1,-1,-1,-1
329,-1,1109,260,96,121,1,-1,-1,-1
329,-1,749,354,156,195,1,-1,-1,-1
329,-1,859,169,110,130,1,-1,-1,-1
329,-1,878,80,75,80,1,-1,-1,-1
329,-1,916,126,66,82,1,-1,-1,-1
330,-1,1212,481,241,281,1,-1,-1,-1
330,-1,517,710,232,272,1,-1,-1,-1
330,-1,18,625,246,283,1,-1,-1,-1
330,-1,1109,260,96,121,1,-1,-1,-1
330,-1,749,354,156,195,1,-1,-1,-1
330,-1,859,169,110,130,1,-1,-1,-1
330,-1,878,80,75,80,1,-1,-1,-1
330,-1,916,126,66,82,1,-1,-1,-1
331,-1,1090,539,271,321,1,-1,-1,-1
331,-1,348,742,256,306,1,-1,-1,-1
331,-1,676,386,171,212,1,-1,-1,-1
331,-1,905,84,86,88,1,-1,-1,-1
331,-1,1093,294,82,109,1,-1,-1,-1
331,-1,885,182,111,125,1,-1,-1,-1
331,-1,917,125,91,114,1,-1,-1,-1
332,-1,1090,539,271,321,1,-1,-1,-1
332,-1,348,742,256,306,1,-1,-1,-1
332,-1,676,386,171,212,1,-1,-1,-1
332,-1,905,84,86,88,1,-1,-1,-1
332,-1,1093,294,82,109,1,-1,-1,-1
332,-1,885,182,111,125,1,-1,-1,-1
332,-1,917,125,91,114,1,-1,-1,-1
333,-1,1090,539,271,321,1,-1,-1,-1
333,-1,348,742,256,306,1,-1,-1,-1
333,-1,676,386,171,212,1,-1,-1,-1
333,-1,905,84,86,88,1,-1,-1,-1
333,-1,1093,294,82,109,1,-1,-1,-1
333,-1,885,182,111,125,1,-1,-1,-1
333,-1,917,125,91,114,1,-1,-1,-1
334,-1,1090,539,271,321,1,-1,-1,-1
334,-1,348,742,256,306,1,-1,-1,-1
334,-1,676,386,171,212,1,-1,-1,-1
334,-1,905,84,86,88,1,-1,-1,-1
334,-1,1093,294,82,109,1,-1,-1,-1
334,-1,885,182,111,125,1,-1,-1,-1
334,-1,917,125,91,114,1,-1,-1,-1
335,-1,1090,539,271,321,1,-1,-1,-1
335,-1,348,742,256,306,1,-1,-1,-1
335,-1,676,386,171,212,1,-1,-1,-1
335,-1,905,84,86,88,1,-1,-1,-1
335,-1,1093,294,82,109,1,-1,-1,-1
335,-1,885,182,111,125,1,-1,-1,-1
335,-1,917,125,91,114,1,-1,-1,-1
336,-1,583,398,211,227,1,-1,-1,-1
336,-1,1013,573,257,315,1,-1,-1,-1
336,-1,891,186,112,133,1,-1,-1,-1
336,-1,1059,277,110,140,1,-1,-1,-1
336,-1,180,848,251,231,1,-1,-1,-1
336,-1,930,122,95,116,1,-1,-1,-1
337,-1,583,398,211,227,1,-1,-1,-1
337,-1,1013,573,257,315,1,-1,-1,-1
337,-1,891,186,112,133,1,-1,-1,-1
337,-1,1059,277,110,140,1,-1,-1,-1
337,-1,180,848,251,231,1,-1,-1,-1
337,-1,930,122,95,116,1,-1,-1,-1
338,-1,583,398,211,227,1,-1,-1,-1
338,-1,1013,573,257,315,1,-1,-1,-1
338,-1,891,186,112,133,1,-1,-1,-1
338,-1,1059,277,110,140,1,-1,-1,-1
338,-1,180,848,251,231,1,-1,-1,-1
338,-1,930,122,95,116,1,-1,-1,-1
339,-1,583,398,211,227,1,-1,-1,-1
339,-1,1013,573,257,315,1,-1,-1,-1
339,-1,891,186,112,133,1,-1,-1,-1
339,-1,1059,277,110,140,1,-1,-1,-1
339,-1,180,848,251,231,1,-1,-1,-1
339,-1,930,122,95,116,1,-1,-1,-1
340,-1,583,398,211,227,1,-1,-1,-1
340,-1,1013,573,257,315,1,-1,-1,-1
340,-1,891,186,112,133,1,-1,-1,-1
340,-1,1059,277,110,140,1,-1,-1,-1
340,-1,180,848,251,231,1,-1,-1,-1
340,-1,930,122,95,116,1,-1,-1,-1
341,-1,505,411,196,252,1,-1,-1,-1
341,-1,922,655,275,345,1,-1,-1,-1
341,-1,1041,292,117,149,1,-1,-1,-1
341,-1,866,207,130,154,1,-1,-1,-1
341,-1,935,149,91,108,1,-1,-1,-1
341,-1,924,94,92,104,1,-1,-1,-1
342,-1,505,411,196,252,1,-1,-1,-1
342,-1,922,655,275,345,1,-1,-1,-1
342,-1,1041,292,117,149,1,-1,-1,-1
342,-1,866,207,130,154,1,-1,-1,-1
342,-1,935,149,91,108,1,-1,-1,-1
342,-1,924,94,92,104,1,-1,-1,-1
343,-1,505,411,196,252,1,-1,-1,-1
343,-1,922,655,275,345,1,-1,-1,-1
343,-1,1041,292,117,149,1,-1,-1,-1
343,-1,866,207,130,154,1,-1,-1,-1
343,-1,935,149,91,108,1,-1,-1,-1
343,-1,924,94,92,104,1,-1,-1,-1
344,-1,505,411,196,252,1,-1,-1,-1
344,-1,922,655,275,345,1,-1,-1,-1
344,-1,1041,292,117,149,1,-1,-1,-1
344,-1,866,207,130,154,1,-1,-1,-1
344,-1,935,149,91,108,1,-1,-1,-1
344,-1,924,94,92,104,1,-1,-1,-1
345,-1,505,411,196,252,1,-1,-1,-1
345,-1,922,655,275,345,1,-1,-1,-1
345,-1,1041,292,117,149,1,-1,-1,-1
345,-1,866,207,130,154,1,-1,-1,-1
345,-1,935,149,91,108,1,-1,-1,-1
345,-1,924,94,92,104,1,-1,-1,-1
346,-1,456,473,175,248,1,-1,-1,-1
346,-1,798,714,341,365,1,-1,-1,-1
346,-1,1029,331,112,129,1,-1,-1,-1
346,-1,860,224,115,138,1,-1,-1,-1
346,-1,937,84,85,96,1,-1,-1,-1
346,-1,932,164,72,91,1,-1,-1,-1
347,-1,456,473,175,248,1,-1,-1,-1
347,-1,798,714,341,365,1,-1,-1,-1
347,-1,1029,331,112,129,1,-1,-1,-1
347,-1,860,224,115,138,1,-1,-1,-1
347,-1,937,84,85,96,1,-1,-1,-1
347,-1,932,164,72,91,1,-1,-1,-1
348,-1,456,473,175,248,1,-1,-1,-1
348,-1,798,714,341,365,1,-1,-1,-1
348,-1,1029,331,112,129,1,-1,-1,-1
348,-1,860,224,115,138,1,-1,-1,-1
348,-1,937,84,85,96,1,-1,-1,-1
348,-1,932,164,72,91,1,-1,-1,-1
349,-1,456,473,175,248,1,-1,-1,-1
349,-1,798,714,341,365,1,-1,-1,-1
349,-1,1029,331,112,129,1,-1,-1,-1
349,-1,860,224,115,138,1,-1,-1,-1
349,-1,937,84,85,96,1,-1,-1,-1
349,-1,932,164,72,91,1,-1,-1,-1
350,-1,456,473,175,248,1,-1,-1,-1
350,-1,798,714,341,365,1,-1,-1,-1
350,-1,1029,331,112,129,1,-1,-1,-1
350,-1,860,224,115,138,1,-1,-1,-1
350,-1,937,84,85,96,1,-1,-1,-1
350,-1,932,164,72,91,1,-1,-1,-1
351,-1,356,496,212,253,1,-1,-1,-1
351,-1,958,104,87,93,1,-1,-1,-1
351,-1,838,214,131,153,1,-1,-1,-1
351,-1,1002,319,127,147,1,-1,-1,-1
351,-1,623,743,360,336,1,-1,-1,-1
351,-1,924,160,82,101,1,-1,-1,-1
352,-1,356,496,212,253,1,-1,-1,-1
352,-1,958,104,87,93,1,-1,-1,-1
352,-1,838,214,131,153,1,-1,-1,-1
352,-1,1002,319,127,147,1,-1,-1,-1
352,-1,623,743,360,336,1,-1,-1,-1
352,-1,924,160,82,101,1,-1,-1,-1
353,-1,356,496,212,253,1,-1,-1,-1
353,-1,958,104,87,93,1,-1,-1,-1
353,-1,838,214,131,153,1,-1,-1,-1
353,-1,1002,319,127,147,1,-1,-1,-1
353,-1,623,743,360,336,1,-1,-1,-1
353,-1,924,160,82,101,1,-1,-1,-1
354,-1,356,496,212,253,1,-1,-1,-1
354,-1,958,104,87,93,1,-1,-1,-1
354,-1,838,214,131,153,1,-1,-1,-1
354,-1,1002,319,127,147,1,-1,-1,-1
354,-1,623,743,360,336,1,-1,-1,-1
354,-1,924,160,82,101,1,-1,-1,-1
355,-1,356,496,212,253,1,-1,-1,-1
355,-1,958,104,87,93,1,-1,-1,-1
355,-1,838,214,131,153,1,-1,-1,-1
355,-1,1002,319,127,147,1,-1,-1,-1
355,-1,623,743,360,336,1,-1,-1,-1
355,-1,924,160,82,101,1,-1,-1,-1
356,-1,234,538,242,267,1,-1,-1,-1
356,-1,833,233,131,156,1,-1,-1,-1
356,-1,980,347,132,155,1,-1,-1,-1
356,-1,970,103,86,99,1,-1,-1,-1
356,-1,917,178,106,120,1,-1,-1,-1
356,-1,782,82,50,73,1,-1,-1,-1
357,-1,234,538,242,267,1,-1,-1,-1
357,-1,833,233,131,156,1,-1,-1,-1
357,-1,980,347,132,155,1,-1,-1,-1
357,-1,970,103,86,99,1,-1,-1,-1
357,-1,917,178,106,120,1,-1,-1,-1
357,-1,782,82,50,73,1,-1,-1,-1
358,-1,234,538,242,267,1,-1,-1,-1
358,-1,833,233,131,156,1,-1,-1,-1
358,-1,980,347,132,155,1,-1,-1,-1
358,-1,970,103,86,99,1,-1,-1,-1
358,-1,917,178,106,120,1,-1,-1,-1
358,-1,782,82,50,73,1,-1,-1,-1
359,-1,234,538,242,267,1,-1,-1,-1
359,-1,833,233,131,156,1,-1,-1,-1
359,-1,980,347,132,155,1,-1,-1,-1
359,-1,970,103,86,99,1,-1,-1,-1
359,-1,917,178,106,120,1,-1,-1,-1
359,-1,782,82,50,73,1,-1,-1,-1
360,-1,234,538,242,267,1,-1,-1,-1
360,-1,833,233,131,156,1,-1,-1,-1
360,-1,980,347,132,155,1,-1,-1,-1
360,-1,970,103,86,99,1,-1,-1,-1
360,-1,917,178,106,120,1,-1,-1,-1
360,-1,782,82,50,73,1,-1,-1,-1
361,-1,112,601,225,273,1,-1,-1,-1
361,-1,827,226,147,178,1,-1,-1,-1
361,-1,959,383,120,148,1,-1,-1,-1
361,-1,946,191,87,104,1,-1,-1,-1
361,-1,985,103,77,97,1,-1,-1,-1
361,-1,789,76,66,83,1,-1,-1,-1
362,-1,112,601,225,273,1,-1,-1,-1
362,-1,827,226,147,178,1,-1,-1,-1
362,-1,959,383,120,148,1,-1,-1,-1
362,-1,946,191,87,104,1,-1,-1,-1
362,-1,985,103,77,97,1,-1,-1,-1
362,-1,789,76,66,83,1,-1,-1,-1
363,-1,112,601,225,273,1,-1,-1,-1
363,-1,827,226,147,178,1,-1,-1,-1
363,-1,959,383,120,148,1,-1,-1,-1
363,-1,946,191,87,104,1,-1,-1,-1
363,-1,985,103,77,97,1,-1,-1,-1
363,-1,789,76,66,83,1,-1,-1,-1
364,-1,112,601,225,273,1,-1,-1,-1
364,-1,827,226,147,178,1,-1,-1,-1
364,-1,959,383,120,148,1,-1,-1,-1
364,-1,946,191,87,104,1,-1,-1,-1
364,-1,985,103,77,97,1,-1,-1,-1
364,-1,789,76,66,83,1,-1,-1,-1
365,-1,112,601,225,273,1,-1,-1,-1
365,-1,827,226,147,178,1,-1,-1,-1
365,-1,959,383,120,148,1,-1,-1,-1
365,-1,946,191,87,104,1,-1,-1,-1
365,-1,985,103,77,97,1,-1,-1,-1
365,-1,789,76,66,83,1,-1,-1,-1
366,-1,794,252,150,171,1,-1,-1,-1
366,-1,0,617,246,309,1,-1,-1,-1
366,-1,946,386,137,161,1,-1,-1,-1
366,-1,981,123,87,99,1,-1,-1,-1
366,-1,826,84,61,77,1,-1,-1,-1
366,-1,953,185,91,129,1,-1,-1,-1
367,-1,794,252,150,171,1,-1,-1,-1
367,-1,0,617,246,309,1,-1,-1,-1
367,-1,946,386,137,161,1,-1,-1,-1
367,-1,981,123,87,99,1,-1,-1,-1
367,-1,826,84,61,77,1,-1,-1,-1
367,-1,953,185,91,129,1,-1,-1,-1
368,-1,794,252,150,171,1,-1,-1,-1
368,-1,0,617,246,309,1,-1,-1,-1
368,-1,946,386,137,161,1,-1,-1,-1
368,-1,981,123,87,99,1,-1,-1,-1
368,-1,826,84,61,77,1,-1,-1,-1
368,-1,953,185,91,129,1,-1,-1,-1
369,-1,794,252,150,171,1,-1,-1,-1
369,-1,0,617,246,309,1,-1,-1,-1
369,-1,946,386,137,161,1,-1,-1,-1
369,-1,981,123,87,99,1,-1,-1,-1
369,-1,826,84,61,77,1,-1,-1,-1
369,-1,953,185,91,129,1,-1,-1,-1
370,-1,794,252,150,171,1,-1,-1,-1
370,-1,0,617,246,309,1,-1,-1,-1
370,-1,946,386,137,161,1,-1,-1,-1
370,-1,981,123,87,99,1,-1,-1,-1
370,-1,826,84,61,77,1,-1,-1,-1
370,-1,953,185,91,129,1,-1,-1,-1
371,-1,731,274,145,185,1,-1,-1,-1
371,-1,940,433,151,179,1,-1,-1,-1
371,-1,938,210,95,113,1,-1,-1,-1
371,-1,864,82,67,77,1,-1,-1,-1
371,-1,965,122,100,117,1,-1,-1,-1
372,-1,731,274,145,185,1,-1,-1,-1
372,-1,940,433,151,179,1,-1,-1,-1
372,-1,938,210,95,113,1,-1,-1,-1
372,-1,864,82,67,77,1,-1,-1,-1
372,-1,965,122,100,117,1,-1,-1,-1
373,-1,731,274,145,185,1,-1,-1,-1
373,-1,940,433,151,179,1,-1,-1,-1
373,-1,938,210,95,113,1,-1,-1,-1
373,-1,864,82,67,77,1,-1,-1,-1
373,-1,965,122,100,117,1,-1,-1,-1
374,-1,731,274,145,185,1,-1,-1,-1
374,-1,940,433,151,179,1,-1,-1,-1
374,-1,938,210,95,113,1,-1,-1,-1
374,-1,864,82,67,77,1,-1,-1,-1
374,-1,965,122,100,117,1,-1,-1,-1
375,-1,731,274,145,185,1,-1,-1,-1
375,-1,940,433,151,179,1,-1,-1,-1
375,-1,938,210,95,113,1,-1,-1,-1
375,-1,864,82,67,77,1,-1,-1,-1
375,-1,965,122,100,117,1,-1,-1,-1
376,-1,931,433,160,184,1,-1,-1,-1
376,-1,652,266,162,186,1,-1,-1,-1
376,-1,901,82,70,83,1,-1,-1,-1
376,-1,936,206,111,128,1,-1,-1,-1
376,-1,981,121,102,123,1,-1,-1,-1
377,-1,931,433,160,184,1,-1,-1,-1
377,-1,652,266,162,186,1,-1,-1,-1
377,-1,901,82,70,83,1,-1,-1,-1
377,-1,936,206,111,128,1,-1,-1,-1
377,-1,981,121,102,123,1,-1,-1,-1
378,-1,931,433,160,184,1,-1,-1,-1
378,-1,652,266,162,186,1,-1,-1,-1
378,-1,901,82,70,83,1,-1,-1,-1
378,-1,936,206,111,128,1,-1,-1,-1
378,-1,981,121,102,123,1,-1,-1,-1
379,-1,931,433,160,184,1,-1,-1,-1
379,-1,652,266,162,186,1,-1,-1,-1
379,-1,901,82,70,83,1,-1,-1,-1
379,-1,936,206,111,128,1,-1,-1,-1
379,-1,981,121,102,123,1,-1,-1,-1
380,-1,931,433,160,184,1,-1,-1,-1
380,-1,652,266,162,186,1,-1,-1,-1
380,-1,901,82,70,83,1,-1,-1,-1
380,-1,936,206,111,128,1,-1,-1,-1
380,-1,981,121,102,123,1,-1,-1,-1
381,-1,604,309,147,171,1,-1,-1,-1
381,-1,897,473,176,202,1,-1,-1,-1
381,-1,1003,145,91,106,1,-1,-1,-1
381,-1,949,223,106,128,1,-1,-1,-1
381,-1,917,97,70,82,1,-1,-1,-1
382,-1,604,309,147,171,1,-1,-1,-1
382,-1,897,473,176,202,1,-1,-1,-1
382,-1,1003,145,91,106,1,-1,-1,-1
382,-1,949,223,106,128,1,-1,-1,-1
382,-1,917,97,70,82,1,-1,-1,-1
383,-1,604,309,147,171,1,-1,-1,-1
383,-1,897,473,176,202,1,-1,-1,-1
383,-1,1003,145,91,106,1,-1,-1,-1
383,-1,949,223,106,128,1,-1,-1,-1
383,-1,917,97,70,82,1,-1,-1,-1
384,-1,604,309,147,171,1,-1,-1,-1
384,-1,897,473,176,202,1,-1,-1,-1
384,-1,1003,145,91,106,1,-1,-1,-1
384,-1,949,223,106,128,1,-1,-1,-1
384,-1,917,97,70,82,1,-1,-1,-1
385,-1,604,309,147,171,1,-1,-1,-1
385,-1,897,473,176,202,1,-1,-1,-1
385,-1,1003,145,91,106,1,-1,-1,-1
385,-1,949,223,106,128,1,-1,-1,-1
385,-1,917,97,70,82,1,-1,-1,-1
386,-1,541,326,162,202,1,-1,-1,-1
386,-1,813,528,180,189,1,-1,-1,-1
386,-1,906,100,72,93,1,-1,-1,-1
386,-1,966,240,111,137,1,-1,-1,-1
386,-1,1011,157,85,106,1,-1,-1,-1
387,-1,541,326,162,202,1,-1,-1,-1
387,-1,813,528,180,189,1,-1,-1,-1
387,-1,906,100,72,93,1,-1,-1,-1
387,-1,966,240,111,137,1,-1,-1,-1
387,-1,1011,157,85,106,1,-1,-1,-1
388,-1,541,326,162,202,1,-1,-1,-1
388,-1,813,528,180,189,1,-1,-1,-1
388,-1,906,100,72,93,1,-1,-1,-1
388,-1,966,240,111,137,1,-1,-1,-1
388,-1,1011,157,85,106,1,-1,-1,-1
389,-1,541,326,162,202,1,-1,-1,-1
389,-1,813,528,180,189,1,-1,-1,-1
389,-1,906,100,72,93,1,-1,-1,-1
389,-1,966,240,111,137,1,-1,-1,-1
389,-1,1011,157,85,106,1,-1,-1,-1
390,-1,541,326,162,202,1,-1,-1,-1
390,-1,813,528,180,189,1,-1,-1,-1
390,-1,906,100,72,93,1,-1,-1,-1
390,-1,966,240,111,137,1,-1,-1,-1
390,-1,1011,157,85,106,1,-1,-1,-1
391,-1,734,534,212,221,1,-1,-1,-1
391,-1,460,316,191,216,1,-1,-1,-1
391,-1,984,232,120,140,1,-1,-1,-1
391,-1,912,98,72,85,1,-1,-1,-1
391,-1,1004,155,127,122,1,-1,-1,-1
392,-1,734,534,212,221,1,-1,-1,-1
392,-1,460,316,191,216,1,-1,-1,-1
392,-1,984,232,120,140,1,-1,-1,-1
392,-1,912,98,72,85,1,-1,-1,-1
392,-1,1004,155,127,122,1,-1,-1,-1
393,-1,734,534,212,221,1,-1,-1,-1
393,-1,460,316,191,216,1,-1,-1,-1
393,-1,984,232,120,140,1,-1,-1,-1
393,-1,912,98,72,85,1,-1,-1,-1
393,-1,1004,155,127,122,1,-1,-1,-1
394,-1,734,534,212,221,1,-1,-1,-1
394,-1,460,316,191,216,1,-1,-1,-1
394,-1,984,232,120,140,1,-1,-1,-1
394,-1,912,98,72,85,1,-1,-1,-1
394,-1,1004,155,127,122,1,-1,-1,-1
395,-1,734,534,212,221,1,-1,-1,-1
395,-1,460,316,191,216,1,-1,-1,-1
395,-1,984,232,120,140,1,-1,-1,-1
395,-1,912,98,72,85,1,-1,-1,-1
395,-1,1004,155,127,122,1,-1,-1,-1
396,-1,343,341,186,217,1,-1,-1,-1
396,-1,677,569,212,251,1,-1,-1,-1
396,-1,933,102,75,89,1,-1,-1,-1
396,-1,1007,181,101,117,1,-1,-1,-1
396,-1,977,277,110,144,1,-1,-1,-1
396,-1,789,54,72,74,1,-1,-1,-1
397,-1,343,341,186,217,1,-1,-1,-1
397,-1,677,569,212,251,1,-1,-1,-1
397,-1,933,102,75,89,1,-1,-1,-1
397,-1,1007,181,101,117,1,-1,-1,-1
397,-1,977,277,110,144,1,-1,-1,-1
397,-1,789,54,72,74,1,-1,-1,-1
398,-1,343,341,186,217,1,-1,-1,-1
398,-1,677,569,212,251,1,-1,-1,-1
398,-1,933,102,75,89,1,-1,-1,-1
398,-1,1007,181,101,117,1,-1,-1,-1
398,-1,977,277,110,144,1,-1,-1,-1
398,-1,789,54,72,74,1,-1,-1,-1
399,-1,343,341,186,217,1,-1,-1,-1
399,-1,677,569,212,251,1,-1,-1,-1
399,-1,933,102,75,89,1,-1,-1,-1
399,-1,1007,181,101,117,1,-1,-1,-1
399,-1,977,277,110,144,1,-1,-1,-1
399,-1,789,54,72,74,1,-1,-1,-1
400,-1,343,341,186,217,1,-1,-1,-1
400,-1,677,569,212,251,1,-1,-1,-1
400,-1,933,102,75,89,1,-1,-1,-1
400,-1,1007,181,101,117,1,-1,-1,-1
400,-1,977,277,110,144,1,-1,-1,-1
400,-1,789,54,72,74,1,-1,-1,-1
401,-1,587,612,241,275,1,-1,-1,-1
401,-1,224,369,185,225,1,-1,-1,-1
401,-1,1031,179,97,130,1,-1,-1,-1
401,-1,832,57,62,74,1,-1,-1,-1
401,-1,956,104,80,96,1,-1,-1,-1
401,-1,956,274,132,153,1,-1,-1,-1
402,-1,587,612,241,275,1,-1,-1,-1
402,-1,224,369,185,225,1,-1,-1,-1
402,-1,1031,179,97,130,1,-1,-1,-1
402,-1,832,57,62,74,1,-1,-1,-1
402,-1,956,104,80,96,1,-1,-1,-1
402,-1,956,274,132,153,1,-1,-1,-1
403,-1,587,612,241,275,1,-1,-1,-1
403,-1,224,369,185,225,1,-1,-1,-1
403,-1,1031,179,97,130,1,-1,-1,-1
403,-1,832,57,62,74,1,-1,-1,-1
403,-1,956,104,80,96,1,-1,-1,-1
403,-1,956,274,132,153,1,-1,-1,-1
404,-1,587,612,241,275,1,-1,-1,-1
404,-1,224,369,185,225,1,-1,-1,-1
404,-1,1031,179,97,130,1,-1,-1,-1
404,-1,832,57,62,74,1,-1,-1,-1
404,-1,956,104,80,96,1,-1,-1,-1
404,-1,956,274,132,153,1,-1,-1,-1
405,-1,587,612,241,275,1,-1,-1,-1
405,-1,224,369,185,225,1,-1,-1,-1
405,-1,1031,179,97,130,1,-1,-1,-1
405,-1,832,57,62,74,1,-1,-1,-1
405,-1,956,104,80,96,1,-1,-1,-1
405,-1,956,274,132,153,1,-1,-1,-1
406,-1,459,642,252,277,1,-1,-1,-1
406,-1,107,379,201,245,1,-1,-1,-1
406,-1,1028,184,115,140,1,-1,-1,-1
406,-1,947,292,130,144,1,-1,-1,-1
406,-1,965,109,80,107,1,-1,-1,-1
406,-1,850,54,71,83,1,-1,-1,-1
407,-1,459,642,252,277,1,-1,-1,-1
407,-1,107,379,201,245,1,-1,-1,-1
407,-1,1028,184,115,140,1,-1,-1,-1
407,-1,947,292,130,144,1,-1,-1,-1
407,-1,965,109,80,107,1,-1,-1,-1
407,-1,850,54,71,83,1,-1,-1,-1
408,-1,459,642,252,277,1,-1,-1,-1
408,-1,107,379,201,245,1,-1,-1,-1
408,-1,1028,184,115,140,1,-1,-1,-1
408,-1,947,292,130,144,1,-1,-1,-1
408,-1,965,109,80,107,1,-1,-1,-1
408,-1,850,54,71,83,1,-1,-1,-1
409,-1,459,642,252,277,1,-1,-1,-1
409,-1,107,379,201,245,1,-1,-1,-1
409,-1,1028,184,115,140,1,-1,-1,-1
409,-1,947,292,130,144,1,-1,-1,-1
409,-1,965,109,80,107,1,-1,-1,-1
409,-1,850,54,71,83,1,-1,-1,-1
410,-1,459,642,252,277,1,-1,-1,-1
410,-1,107,379,201,245,1,-1,-1,-1
410,-1,1028,184,115,140,1,-1,-1,-1
410,-1,947,292,130,144,1,-1,-1,-1
410,-1,965,109,80,107,1,-1,-1,-1
410,-1,850,54,71,83,1,-1,-1,-1
411,-1,0,414,207,245,1,-1,-1,-1
411,-1,968,129,70,89,1,-1,-1,-1
411,-1,1049,198,105,136,1,-1,-1,-1
411,-1,874,51,75,84,1,-1,-1,-1
411,-1,931,311,161,187,1,-1,-1,-1
411,-1,265,719,302,305,1,-1,-1,-1
412,-1,0,414,207,245,1,-1,-1,-1
412,-1,968,129,70,89,1,-1,-1,-1
412,-1,1049,198,105,136,1,-1,-1,-1
412,-1,874,51,75,84,1,-1,-1,-1
412,-1,931,311,161,187,1,-1,-1,-1
412,-1,265,719,302,305,1,-1,-1,-1
413,-1,0,414,207,245,1,-1,-1,-1
413,-1,968,129,70,89,1,-1,-1,-1
413,-1,1049,198,105,136,1,-1,-1,-1
413,-1,874,51,75,84,1,-1,-1,-1
413,-1,931,311,161,187,1,-1,-1,-1
413,-1,265,719,302,305,1,-1,-1,-1
414,-1,0,414,207,245,1,-1,-1,-1
414,-1,968,129,70,89,1,-1,-1,-1
414,-1,1049,198,105,136,1,-1,-1,-1
414,-1,874,51,75,84,1,-1,-1,-1
414,-1,931,311,161,187,1,-1,-1,-1
414,-1,265,719,302,305,1,-1,-1,-1
415,-1,0,414,207,245,1,-1,-1,-1
415,-1,968,129,70,89,1,-1,-1,-1
415,-1,1049,198,105,136,1,-1,-1,-1
415,-1,874,51,75,84,1,-1,-1,-1
415,-1,931,311,161,187,1,-1,-1,-1
415,-1,265,719,302,305,1,-1,-1,-1
416,-1,930,313,146,171,1,-1,-1,-1
416,-1,73,740,305,312,1,-1,-1,-1
416,-1,925,121,90,105,1,-1,-1,-1
416,-1,1033,206,125,140,1,-1,-1,-1
416,-1,898,57,91,99,1,-1,-1,-1
416,-1,0,474,135,225,1,-1,-1,-1
417,-1,930,313,146,171,1,-1,-1,-1
417,-1,73,740,305,312,1,-1,-1,-1
417,-1,925,121,90,105,1,-1,-1,-1
417,-1,1033,206,125,140,1,-1,-1,-1
417,-1,898,57,91,99,1,-1,-1,-1
417,-1,0,474,135,225,1,-1,-1,-1
418,-1,930,313,146,171,1,-1,-1,-1
418,-1,73,740,305,312,1,-1,-1,-1
418,-1,925,121,90,105,1,-1,-1,-1
418,-1,1033,206,125,140,1,-1,-1,-1
418,-1,898,57,91,99,1,-1,-1,-1
418,-1,0,474,135,225,1,-1,-1,-1
419,-1,930,313,146,171,1,-1,-1,-1
419,-1,73,740,305,312,1,-1,-1,-1
419,-1,925,121,90,105,1,-1,-1,-1
419,-1,1033,206,125,140,1,-1,-1,-1
419,-1,898,57,91,99,1,-1,-1,-1
419,-1,0,474,135,225,1,-1,-1,-1
420,-1,930,313,146,171,1,-1,-1,-1
420,-1,73,740,305,312,1,-1,-1,-1
420,-1,925,121,90,105,1,-1,-1,-1
420,-1,1033,206,125,140,1,-1,-1,-1
420,-1,898,57,91,99,1,-1,-1,-1
420,-1,0,474,135,225,1,-1,-1,-1
421,-1,1008,216,121,148,1,-1,-1,-1
421,-1,894,345,147,185,1,-1,-1,-1
421,-1,0,810,230,269,1,-1,-1,-1
421,-1,917,113,81,97,1,-1,-1,-1
421,-1,930,67,70,76,1,-1,-1,-1
422,-1,1008,216,121,148,1,-1,-1,-1
422,-1,894,345,147,185,1,-1,-1,-1
422,-1,0,810,230,269,1,-1,-1,-1
422,-1,917,113,81,97,1,-1,-1,-1
422,-1,930,67,70,76,1,-1,-1,-1
423,-1,1008,216,121,148,1,-1,-1,-1
423,-1,894,345,147,185,1,-1,-1,-1
423,-1,0,810,230,269,1,-1,-1,-1
423,-1,917,113,81,97,1,-1,-1,-1
423,-1,930,67,70,76,1,-1,-1,-1
424,-1,1008,216,121,148,1,-1,-1,-1
424,-1,894,345,147,185,1,-1,-1,-1
424,-1,0,810,230,269,1,-1,-1,-1
424,-1,917,113,81,97,1,-1,-1,-1
424,-1,930,67,70,76,1,-1,-1,-1
425,-1,1008,216,121,148,1,-1,-1,-1
425,-1,894,345,147,185,1,-1,-1,-1
425,-1,0,810,230,269,1,-1,-1,-1
425,-1,917,113,81,97,1,-1,-1,-1
425,-1,930,67,70,76,1,-1,-1,-1
426,-1,993,206,132,161,1,-1,-1,-1
426,-1,812,361,166,200,1,-1,-1,-1
426,-1,962,57,75,83,1,-1,-1,-1
426,-1,906,138,85,99,1,-1,-1,-1
426,-1,784,83,45,64,1,-1,-1,-1
427,-1,993,206,132,161,1,-1,-1,-1
427,-1,812,361,166,200,1,-1,-1,-1
427,-1,962,57,75,83,1,-1,-1,-1
427,-1,906,138,85,99,1,-1,-1,-1
427,-1,784,83,45,64,1,-1,-1,-1
428,-1,993,206,132,161,1,-1,-1,-1
428,-1,812,361,166,200,1,-1,-1,-1
428,-1,962,57,75,83,1,-1,-1,-1
428,-1,906,138,85,99,1,-1,-1,-1
428,-1,784,83,45,64,1,-1,-1,-1
429,-1,993,206,132,161,1,-1,-1,-1
429,-1,812,361,166,200,1,-1,-1,-1
429,-1,962,57,75,83,1,-1,-1,-1
429,-1,906,138,85,99,1,-1,-1,-1
429,-1,784,83,45,64,1,-1,-1,-1
430,-1,993,206,132,161,1,-1,-1,-1
430,-1,812,361,166,200,1,-1,-1,-1
430,-1,962,57,75,83,1,-1,-1,-1
430,-1,906,138,85,99,1,-1,-1,-1
430,-1,784,83,45,64,1,-1,-1,-1
431,-1,753,370,165,197,1,-1,-1,-1
431,-1,984,232,137,162,1,-1,-1,-1
431,-1,920,139,86,101,1,-1,-1,-1
431,-1,976,77,80,89,1,-1,-1,-1
431,-1,803,76,75,73,1,-1,-1,-1
432,-1,753,370,165,197,1,-1,-1,-1
432,-1,984,232,137,162,1,-1,-1,-1
432,-1,920,139,86,101,1,-1,-1,-1
432,-1,976,77,80,89,1,-1,-1,-1
432,-1,803,76,75,73,1,-1,-1,-1
433,-1,753,370,165,197,1,-1,-1,-1
433,-1,984,232,137,162,1,-1,-1,-1
433,-1,920,139,86,101,1,-1,-1,-1
433,-1,976,77,80,89,1,-1,-1,-1
433,-1,803,76,75,73,1,-1,-1,-1
434,-1,753,370,165,197,1,-1,-1,-1
434,-1,984,232,137,162,1,-1,-1,-1
434,-1,920,139,86,101,1,-1,-1,-1
434,-1,976,77,80,89,1,-1,-1,-1
434,-1,803,76,75,73,1,-1,-1,-1
435,-1,753,370,165,197,1,-1,-1,-1
435,-1,984,232,137,162,1,-1,-1,-1
435,-1,920,139,86,101,1,-1,-1,-1
435,-1,976,77,80,89,1,-1,-1,-1
435,-1,803,76,75,73,1,-1,-1,-1
436,-1,689,423,182,192,1,-1,-1,-1
436,-1,976,232,147,186,1,-1,-1,-1
436,-1,907,140,86,98,1,-1,-1,-1
436,-1,1009,100,71,83,1,-1,-1,-1
436,-1,845,78,76,75,1,-1,-1,-1
437,-1,689,423,182,192,1,-1,-1,-1
437,-1,976,232,147,186,1,-1,-1,-1
437,-1,907,140,86,98,1,-1,-1,-1
437,-1,1009,100,71,83,1,-1,-1,-1
437,-1,845,78,76,75,1,-1,-1,-1
438,-1,689,423,182,192,1,-1,-1,-1
438,-1,976,232,147,186,1,-1,-1,-1
438,-1,907,140,86,98,1,-1,-1,-1
438,-1,1009,100,71,83,1,-1,-1,-1
438,-1,845,78,76,75,1,-1,-1,-1
439,-1,689,423,182,192,1,-1,-1,-1
439,-1,976,232,147,186,1,-1,-1,-1
439,-1,907,140,86,98,1,-1,-1,-1
439,-1,1009,100,71,83,1,-1,-1,-1
439,-1,845,78,76,75,1,-1,-1,-1
440,-1,689,423,182,192,1,-1,-1,-1
440,-1,976,232,147,186,1,-1,-1,-1
440,-1,907,140,86,98,1,-1,-1,-1
440,-1,1009,100,71,83,1,-1,-1,-1
440,-1,845,78,76,75,1,-1,-1,-1
441,-1,627,425,185,201,1,-1,-1,-1
441,-1,948,254,152,180,1,-1,-1,-1
441,-1,1020,83,80,91,1,-1,-1,-1
441,-1,882,75,66,73,1,-1,-1,-1
441,-1,890,164,96,113,1,-1,-1,-1
442,-1,627,425,185,201,1,-1,-1,-1
442,-1,948,254,152,180,1,-1,-1,-1
442,-1,1020,83,80,91,1,-1,-1,-1
442,-1,882,75,66,73,1,-1,-1,-1
442,-1,890,164,96,113,1,-1,-1,-1
443,-1,627,425,185,201,1,-1,-1,-1
443,-1,948,254,152,180,1,-1,-1,-1
443,-1,1020,83,80,91,1,-1,-1,-1
443,-1,882,75,66,73,1,-1,-1,-1
443,-1,890,164,96,113,1,-1,-1,-1
444,-1,627,425,185,201,1,-1,-1,-1
444,-1,948,254,152,180,1,-1,-1,-1
444,-1,1020,83,80,91,1,-1,-1,-1
444,-1,882,75,66,73,1,-1,-1,-1
444,-1,890,164,96,113,1,-1,-1,-1
445,-1,627,425,185,201,1,-1,-1,-1
445,-1,948,254,152,180,1,-1,-1,-1
445,-1,1020,83,80,91,1,-1,-1,-1
445,-1,882,75,66,73,1,-1,-1,-1
445,-1,890,164,96,113,1,-1,-1,-1
446,-1,516,465,205,219,1,-1,-1,-1
446,-1,906,269,170,200,1,-1,-1,-1
446,-1,1052,95,72,97,1,-1,-1,-1
446,-1,859,154,102,122,1,-1,-1,-1
446,-1,897,78,77,77,1,-1,-1,-1
446,-1,785,69,51,68,1,-1,-1,-1
447,-1,516,465,205,219,1,-1,-1,-1
447,-1,906,269,170,200,1,-1,-1,-1
447,-1,1052,95,72,97,1,-1,-1,-1
447,-1,859,154,102,122,1,-1,-1,-1
447,-1,897,78,77,77,1,-1,-1,-1
447,-1,785,69,51,68,1,-1,-1,-1
448,-1,516,465,205,219,1,-1,-1,-1
448,-1,906,269,170,200,1,-1,-1,-1
448,-1,1052,95,72,97,1,-1,-1,-1
448,-1,859,154,102,122,1,-1,-1,-1
448,-1,897,78,77,77,1,-1,-1,-1
448,-1,785,69,51,68,1,-1,-1,-1
449,-1,516,465,205,219,1,-1,-1,-1
449,-1,906,269,170,200,1,-1,-1,-1
449,-1,1052,95,72,97,1,-1,-1,-1
449,-1,859,154,102,122,1,-1,-1,-1
449,-1,897,78,77,77,1,-1,-1,-1
449,-1,785,69,51,68,1,-1,-1,-1
450,-1,516,465,205,219,1,-1,-1,-1
450,-1,906,269,170,200,1,-1,-1,-1
450,-1,1052,95,72,97,1,-1,-1,-1
450,-1,859,154,102,122,1,-1,-1,-1
450,-1,897,78,77,77,1,-1,-1,-1
450,-1,785,69,51,68,1,-1,-1,-1
451,-1,393,468,221,250,1,-1,-1,-1
451,-1,865,289,157,173,1,-1,-1,-1
451,-1,868,161,97,120,1,-1,-1,-1
451,-1,1072,95,87,100,1,-1,-1,-1
451,-1,901,86,66,80,1,-1,-1,-1
451,-1,821,72,60,83,1,-1,-1,-1
452,-1,393,468,221,250,1,-1,-1,-1
452,-1,865,289,157,173,1,-1,-1,-1
452,-1,868,161,97,120,1,-1,-1,-1
452,-1,1072,95,87,100,1,-1,-1,-1
452,-1,901,86,66,80,1,-1,-1,-1
452,-1,821,72,60,83,1,-1,-1,-1
453,-1,393,468,221,250,1,-1,-1,-1
453,-1,865,289,157,173,1,-1,-1,-1
453,-1,868,161,97,120,1,-1,-1,-1
453,-1,1072,95,87,100,1,-1,-1,-1
453,-1,901,86,66,80,1,-1,-1,-1
453,-1,821,72,60,83,1,-1,-1,-1
454,-1,393,468,221,250,1,-1,-1,-1
454,-1,865,289,157,173,1,-1,-1,-1
454,-1,868,161,97,120,1,-1,-1,-1
454,-1,1072,95,87,100,1,-1,-1,-1
454,-1,901,86,66,80,1,-1,-1,-1
454,-1,821,72,60,83,1,-1,-1,-1
455,-1,393,468,221,250,1,-1,-1,-1
455,-1,865,289,157,173,1,-1,-1,-1
455,-1,868,161,97,120,1,-1,-1,-1
455,-1,1072,95,87,100,1,-1,-1,-1
455,-1,901,86,66,80,1,-1,-1,-1
455,-1,821,72,60,83,1,-1,-1,-1
456,-1,281,511,220,241,1,-1,-1,-1
456,-1,812,313,170,194,1,-1,-1,-1
456,-1,887,181,106,130,1,-1,-1,-1
456,-1,1101,100,87,98,1,-1,-1,-1
456,-1,921,83,61,75,1,-1,-1,-1
456,-1,844,70,66,76,1,-1,-1,-1
457,-1,281,511,220,241,1,-1,-1,-1
457,-1,812,313,170,194,1,-1,-1,-1
457,-1,887,181,106,130,1,-1,-1,-1
457,-1,1101,100,87,98,1,-1,-1,-1
457,-1,921,83,61,75,1,-1,-1,-1
457,-1,844,70,66,76,1,-1,-1,-1
458,-1,281,511,220,241,1,-1,-1,-1
458,-1,812,313,170,194,1,-1,-1,-1
458,-1,887,181,106,130,1,-1,-1,-1
458,-1,1101,100,87,98,1,-1,-1,-1
458,-1,921,83,61,75,1,-1,-1,-1
458,-1,844,70,66,76,1,-1,-1,-1
459,-1,281,511,220,241,1,-1,-1,-1
459,-1,812,313,170,194,1,-1,-1,-1
459,-1,887,181,106,130,1,-1,-1,-1
459,-1,1101,100,87,98,1,-1,-1,-1
459,-1,921,83,61,75,1,-1,-1,-1
459,-1,844,70,66,76,1,-1,-1,-1
460,-1,281,511,220,241,1,-1,-1,-1
460,-1,812,313,170,194,1,-1,-1,-1
460,-1,887,181,106,130,1,-1,-1,-1
460,-1,1101,100,87,98,1,-1,-1,-1
460,-1,921,83,61,75,1,-1,-1,-1
460,-1,844,70,66,76,1,-1,-1,-1
461,-1,185,562,221,259,1,-1,-1,-1
461,-1,760,336,201,218,1,-1,-1,-1
461,-1,849,79,72,84,1,-1,-1,-1
461,-1,919,180,115,124,1,-1,-1,-1
461,-1,1117,126,92,99,1,-1,-1,-1
461,-1,914,92,80,85,1,-1,-1,-1
462,-1,185,562,221,259,1,-1,-1,-1
462,-1,760,336,201,218,1,-1,-1,-1
462,-1,849,79,72,84,1,-1,-1,-1
462,-1,919,180,115,124,1,-1,-1,-1
462,-1,1117,126,92,99,1,-1,-1,-1
462,-1,914,92,80,85,1,-1,-1,-1
463,-1,185,562,221,259,1,-1,-1,-1
463,-1,760,336,201,218,1,-1,-1,-1
463,-1,849,79,72,84,1,-1,-1,-1
463,-1,919,180,115,124,1,-1,-1,-1
463,-1,1117,126,92,99,1,-1,-1,-1
463,-1,914,92,80,85,1,-1,-1,-1
464,-1,185,562,221,259,1,-1,-1,-1
464,-1,760,336,201,218,1,-1,-1,-1
464,-1,849,79,72,84,1,-1,-1,-1
464,-1,919,180,115,124,1,-1,-1,-1
464,-1,1117,126,92,99,1,-1,-1,-1
464,-1,914,92,80,85,1,-1,-1,-1
465,-1,185,562,221,259,1,-1,-1,-1
465,-1,760,336,201,218,1,-1,-1,-1
465,-1,849,79,72,84,1,-1,-1,-1
465,-1,919,180,115,124,1,-1,-1,-1
465,-1,1117,126,92,99,1,-1,-1,-1
465,-1,914,92,80,85,1,-1,-1,-1
466,-1,695,333,207,240,1,-1,-1,-1
466,-1,77,577,235,272,1,-1,-1,-1
466,-1,856,74,71,81,1,-1,-1,-1
466,-1,938,199,116,136,1,-1,-1,-1
466,-1,1125,123,86,101,1,-1,-1,-1
466,-1,941,96,65,73,1,-1,-1,-1
467,-1,695,333,207,240,1,-1,-1,-1
467,-1,77,577,235,272,1,-1,-1,-1
467,-1,856,74,71,81,1,-1,-1,-1
467,-1,938,199,116,136,1,-1,-1,-1
467,-1,1125,123,86,101,1,-1,-1,-1
467,-1,941,96,65,73,1,-1,-1,-1
468,-1,695,333,207,240,1,-1,-1,-1
468,-1,77,577,235,272,1,-1,-1,-1
468,-1,856,74,71,81,1,-1,-1,-1
468,-1,938,199,116,136,1,-1,-1,-1
468,-1,1125,123,86,101,1,-1,-1,-1
468,-1,941,96,65,73,1,-1,-1,-1
469,-1,695,333,207,240,1,-1,-1,-1
469,-1,77,577,235,272,1,-1,-1,-1
469,-1,856,74,71,81,1,-1,-1,-1
469,-1,938,199,116,136,1,-1,-1,-1
469,-1,1125,123,86,101,1,-1,-1,-1
469,-1,941,96,65,73,1,-1,-1,-1
470,-1,695,333,207,240,1,-1,-1,-1
470,-1,77,577,235,272,1,-1,-1,-1
470,-1,856,74,71,81,1,-1,-1,-1
470,-1,938,199,116,136,1,-1,-1,-1
470,-1,1125,123,86,101,1,-1,-1,-1
470,-1,941,96,65,73,1,-1,-1,-1
471,-1,0,622,247,298,1,-1,-1,-1
471,-1,594,376,210,250,1,-1,-1,-1
471,-1,922,207,126,146,1,-1,-1,-1
471,-1,1147,132,75,105,1,-1,-1,-1
471,-1,864,82,75,76,1,-1,-1,-1
471,-1,917,102,65,83,1,-1,-1,-1
472,-1,0,622,247,298,1,-1,-1,-1
472,-1,594,376,210,250,1,-1,-1,-1
472,-1,922,207,126,146,1,-1,-1,-1
472,-1,1147,132,75,105,1,-1,-1,-1
472,-1,864,82,75,76,1,-1,-1,-1
472,-1,917,102,65,83,1,-1,-1,-1
473,-1,0,622,247,298,1,-1,-1,-1
473,-1,594,376,210,250,1,-1,-1,-1
473,-1,922,207,126,146,1,-1,-1,-1
473,-1,1147,132,75,105,1,-1,-1,-1
473,-1,864,82,75,76,1,-1,-1,-1
473,-1,917,102,65,83,1,-1,-1,-1
474,-1,0,622,247,298,1,-1,-1,-1
474,-1,594,376,210,250,1,-1,-1,-1
474,-1,922,207,126,146,1,-1,-1,-1
474,-1,1147,132,75,105,1,-1,-1,-1
474,-1,864,82,75,76,1,-1,-1,-1
474,-1,917,102,65,83,1,-1,-1,-1
475,-1,0,622,247,298,1,-1,-1,-1
475,-1,594,376,210,250,1,-1,-1,-1
475,-1,922,207,126,146,1,-1,-1,-1
475,-1,1147,132,75,105,1,-1,-1,-1
475,-1,864,82,75,76,1,-1,-1,-1
475,-1,917,102,65,83,1,-1,-1,-1
476,-1,485,371,225,267,1,-1,-1,-1
476,-1,918,204,135,156,1,-1,-1,-1
476,-1,886,103,82,88,1,-1,-1,-1
476,-1,1146,138,105,125,1,-1,-1,-1
476,-1,788,43,56,77,1,-1,-1,-1
477,-1,485,371,225,267,1,-1,-1,-1
477,-1,918,204,135,156,1,-1,-1,-1
477,-1,886,103,82,88,1,-1,-1,-1
477,-1,1146,138,105,125,1,-1,-1,-1
477,-1,788,43,56,77,1,-1,-1,-1
478,-1,485,371,225,267,1,-1,-1,-1
478,-1,918,204,135,156,1,-1,-1,-1
478,-1,886,103,82,88,1,-1,-1,-1
478,-1,1146,138,105,125,1,-1,-1,-1
478,-1,788,43,56,77,1,-1,-1,-1
479,-1,485,371,225,267,1,-1,-1,-1
479,-1,918,204,135,156,1,-1,-1,-1
479,-1,886,103,82,88,1,-1,-1,-1
479,-1,1146,138,105,125,1,-1,-1,-1
479,-1,788,43,56,77,1,-1,-1,-1
480,-1,485,371,225,267,1,-1,-1,-1
480,-1,918,204,135,156,1,-1,-1,-1
480,-1,886,103,82,88,1,-1,-1,-1
480,-1,1146,138,105,125,1,-1,-1,-1
480,-1,788,43,56,77,1,-1,-1,-1
481,-1,394,404,225,266,1,-1,-1,-1
481,-1,932,243,131,155,1,-1,-1,-1
481,-1,871,108,75,83,1,-1,-1,-1
481,-1,822,38,71,76,1,-1,-1,-1
481,-1,1189,151,91,109,1,-1,-1,-1
481,-1,952,88,77,91,1,-1,-1,-1
482,-1,394,404,225,266,1,-1,-1,-1
482,-1,932,243,131,155,1,-1,-1,-1
482,-1,871,108,75,83,1,-1,-1,-1
482,-1,822,38,71,76,1,-1,-1,-1
482,-1,1189,151,91,109,1,-1,-1,-1
482,-1,952,88,77,91,1,-1,-1,-1
483,-1,394,404,225,266,1,-1,-1,-1
483,-1,932,243,131,155,1,-1,-1,-1
483,-1,871,108,75,83,1,-1,-1,-1
483,-1,822,38,71,76,1,-1,-1,-1
483,-1,1189,151,91,109,1,-1,-1,-1
483,-1,952,88,77,91,1,-1,-1,-1
484,-1,394,404,225,266,1,-1,-1,-1
484,-1,932,243,131,155,1,-1,-1,-1
484,-1,871,108,75,83,1,-1,-1,-1
484,-1,822,38,71,76,1,-1,-1,-1
484,-1,1189,151,91,109,1,-1,-1,-1
484,-1,952,88,77,91,1,-1,-1,-1
485,-1,394,404,225,266,1,-1,-1,-1
485,-1,932,243,131,155,1,-1,-1,-1
485,-1,871,108,75,83,1,-1,-1,-1
485,-1,822,38,71,76,1,-1,-1,-1
485,-1,1189,151,91,109,1,-1,-1,-1
485,-1,952,88,77,91,1,-1,-1,-1
486,-1,952,253,150,169,1,-1,-1,-1
486,-1,302,466,236,283,1,-1,-1,-1
486,-1,1192,152,97,116,1,-1,-1,-1
486,-1,982,100,80,98,1,-1,-1,-1
486,-1,869,114,76,91,1,-1,-1,-1
486,-1,879,47,56,66,1,-1,-1,-1
487,-1,952,253,150,169,1,-1,-1,-1
487,-1,302,466,236,283,1,-1,-1,-1
487,-1,1192,152,97,116,1,-1,-1,-1
487,-1,982,100,80,98,1,-1,-1,-1
487,-1,869,114,76,91,1,-1,-1,-1
487,-1,879,47,56,66,1,-1,-1,-1
488,-1,952,253,150,169,1,-1,-1,-1
488,-1,302,466,236,283,1,-1,-1,-1
488,-1,1192,152,97,116,1,-1,-1,-1
488,-1,982,100,80,98,1,-1,-1,-1
488,-1,869,114,76,91,1,-1,-1,-1
488,-1,879,47,56,66,1,-1,-1,-1
489,-1,952,253,150,169,1,-1,-1,-1
489,-1,302,466,236,283,1,-1,-1,-1
489,-1,1192,152,97,116,1,-1,-1,-1
489,-1,982,100,80,98,1,-1,-1,-1
489,-1,869,114,76,91,1,-1,-1,-1
489,-1,879,47,56,66,1,-1,-1,-1
490,-1,952,253,150,169,1,-1,-1,-1
490,-1,302,466,236,283,1,-1,-1,-1
490,-1,1192,152,97,116,1,-1,-1,-1
490,-1,982,100,80,98,1,-1,-1,-1
490,-1,869,114,76,91,1,-1,-1,-1
490,-1,879,47,56,66,1,-1,-1,-1
491,-1,195,450,246,315,1,-1,-1,-1
491,-1,1193,177,92,122,1,-1,-1,-1
491,-1,878,130,77,82,1,-1,-1,-1
491,-1,943,258,147,178,1,-1,-1,-1
491,-1,915,34,80,84,1,-1,-1,-1
491,-1,1008,113,77,97,1,-1,-1,-1
492,-1,195,450,246,315,1,-1,-1,-1
492,-1,1193,177,92,122,1,-1,-1,-1
492,-1,878,130,77,82,1,-1,-1,-1
492,-1,943,258,147,178,1,-1,-1,-1
492,-1,915,34,80,84,1,-1,-1,-1
492,-1,1008,113,77,97,1,-1,-1,-1
493,-1,195,450,246,315,1,-1,-1,-1
493,-1,1193,177,92,122,1,-1,-1,-1
493,-1,878,130,77,82,1,-1,-1,-1
493,-1,943,258,147,178,1,-1,-1,-1
493,-1,915,34,80,84,1,-1,-1,-1
493,-1,1008,113,77,97,1,-1,-1,-1
494,-1,195,450,246,315,1,-1,-1,-1
494,-1,1193,177,92,122,1,-1,-1,-1
494,-1,878,130,77,82,1,-1,-1,-1
494,-1,943,258,147,178,1,-1,-1,-1
494,-1,915,34,80,84,1,-1,-1,-1
494,-1,1008,113,77,97,1,-1,-1,-1
495,-1,195,450,246,315,1,-1,-1,-1
495,-1,1193,177,92,122,1,-1,-1,-1
495,-1,878,130,77,82,1,-1,-1,-1
495,-1,943,258,147,178,1,-1,-1,-1
495,-1,915,34,80,84,1,-1,-1,-1
495,-1,1008,113,77,97,1,-1,-1,-1
496,-1,61,521,265,332,1,-1,-1,-1
496,-1,887,292,140,179,1,-1,-1,-1
496,-1,1187,168,97,125,1,-1,-1,-1
496,-1,869,127,85,93,1,-1,-1,-1
496,-1,947,48,71,83,1,-1,-1,-1
496,-1,1038,112,77,91,1,-1,-1,-1
497,-1,61,521,265,332,1,-1,-1,-1
497,-1,887,292,140,179,1,-1,-1,-1
497,-1,1187,168,97,125,1,-1,-1,-1
497,-1,869,127,85,93,1,-1,-1,-1
497,-1,947,48,71,83,1,-1,-1,-1
497,-1,1038,112,77,91,1,-1,-1,-1
498,-1,61,521,265,332,1,-1,-1,-1
498,-1,887,292,140,179,1,-1,-1,-1
498,-1,1187,168,97,125,1,-1,-1,-1
498,-1,869,127,85,93,1,-1,-1,-1
498,-1,947,48,71,83,1,-1,-1,-1
498,-1,1038,112,77,91,1,-1,-1,-1
499,-1,61,521,265,332,1,-1,-1,-1
499,-1,887,292,140,179,1,-1,-1,-1
499,-1,1187,168,97,125,1,-1,-1,-1
499,-1,869,127,85,93,1,-1,-1,-1
499,-1,947,48,71,83,1,-1,-1,-1
499,-1,1038,112,77,91,1,-1,-1,-1
500,-1,61,521,265,332,1,-1,-1,-1
500,-1,887,292,140,179,1,-1,-1,-1
500,-1,1187,168,97,125,1,-1,-1,-1
500,-1,869,127,85,93,1,-1,-1,-1
500,-1,947,48,71,83,1,-1,-1,-1
500,-1,1038,112,77,91,1,-1,-1,-1
501,-1,0,575,185,341,1,-1,-1,-1
501,-1,841,298,137,161,1,-1,-1,-1
501,-1,850,152,87,90,1,-1,-1,-1
501,-1,1188,178,101,141,1,-1,-1,-1
501,-1,1069,121,90,100,1,-1,-1,-1
501,-1,961,56,66,77,1,-1,-1,-1
502,-1,0,575,185,341,1,-1,-1,-1
502,-1,841,298,137,161,1,-1,-1,-1
502,-1,850,152,87,90,1,-1,-1,-1
502,-1,1188,178,101,141,1,-1,-1,-1
502,-1,1069,121,90,100,1,-1,-1,-1
502,-1,961,56,66,77,1,-1,-1,-1
503,-1,0,575,185,341,1,-1,-1,-1
503,-1,841,298,137,161,1,-1,-1,-1
503,-1,850,152,87,90,1,-1,-1,-1
503,-1,1188,178,101,141,1,-1,-1,-1
503,-1,1069,121,90,100,1,-1,-1,-1
503,-1,961,56,66,77,1,-1,-1,-1
504,-1,0,575,185,341,1,-1,-1,-1
504,-1,841,298,137,161,1,-1,-1,-1
504,-1,850,152,87,90,1,-1,-1,-1
504,-1,1188,178,101,141,1,-1,-1,-1
504,-1,1069,121,90,100,1,-1,-1,-1
504,-1,961,56,66,77,1,-1,-1,-1
505,-1,0,575,185,341,1,-1,-1,-1
505,-1,841,298,137,161,1,-1,-1,-1
505,-1,850,152,87,90,1,-1,-1,-1
505,-1,1188,178,101,141,1,-1,-1,-1
505,-1,1069,121,90,100,1,-1,-1,-1
505,-1,961,56,66,77,1,-1,-1,-1
506,-1,801,323,171,197,1,-1,-1,-1
506,-1,1107,135,86,89,1,-1,-1,-1
506,-1,822,142,95,108,1,-1,-1,-1
506,-1,956,50,81,90,1,-1,-1,-1
506,-1,1170,204,127,148,1,-1,-1,-1
507,-1,801,323,171,197,1,-1,-1,-1
507,-1,1107,135,86,89,1,-1,-1,-1
507,-1,822,142,95,108,1,-1,-1,-1
507,-1,956,50,81,90,1,-1,-1,-1
507,-1,1170,204,127,148,1,-1,-1,-1
508,-1,801,323,171,197,1,-1,-1,-1
508,-1,1107,135,86,89,1,-1,-1,-1
508,-1,822,142,95,108,1,-1,-1,-1
508,-1,956,50,81,90,1,-1,-1,-1
508,-1,1170,204,127,148,1,-1,-1,-1
509,-1,801,323,171,197,1,-1,-1,-1
509,-1,1107,135,86,89,1,-1,-1,-1
509,-1,822,142,95,108,1,-1,-1,-1
509,-1,956,50,81,90,1,-1,-1,-1
509,-1,1170,204,127,148,1,-1,-1,-1
510,-1,801,323,171,197,1,-1,-1,-1
510,-1,1107,135,86,89,1,-1,-1,-1
510,-1,822,142,95,108,1,-1,-1,-1
510,-1,956,50,81,90,1,-1,-1,-1
510,-1,1170,204,127,148,1,-1,-1,-1
511,-1,795,359,161,192,1,-1,-1,-1
511,-1,841,148,92,105,1,-1,-1,-1
511,-1,1126,131,91,106,1,-1,-1,-1
511,-1,1140,187,135,170,1,-1,-1,-1
511,-1,973,61,67,80,1,-1,-1,-1
512,-1,795,359,161,192,1,-1,-1,-1
512,-1,841,148,92,105,1,-1,-1,-1
512,-1,1126,131,91,106,1,-1,-1,-1
512,-1,1140,187,135,170,1,-1,-1,-1
512,-1,973,61,67,80,1,-1,-1,-1
513,-1,795,359,161,192,1,-1,-1,-1
513,-1,841,148,92,105,1,-1,-1,-1
513,-1,1126,131,91,106,1,-1,-1,-1
513,-1,1140,187,135,170,1,-1,-1,-1
513,-1,973,61,67,80,1,-1,-1,-1
514,-1,795,359,161,192,1,-1,-1,-1
514,-1,841,148,92,105,1,-1,-1,-1
514,-1,1126,131,91,106,1,-1,-1,-1
514,-1,1140,187,135,170,1,-1,-1,-1
514,-1,973,61,67,80,1,-1,-1,-1
515,-1,795,359,161,192,1,-1,-1,-1
515,-1,841,148,92,105,1,-1,-1,-1
515,-1,1126,131,91,106,1,-1,-1,-1
515,-1,1140,187,135,170,1,-1,-1,-1
515,-1,973,61,67,80,1,-1,-1,-1
516,-1,745,349,190,219,1,-1,-1,-1
516,-1,984,72,87,92,1,-1,-1,-1
516,-1,872,172,91,96,1,-1,-1,-1
516,-1,1099,217,127,164,1,-1,-1,-1
516,-1,1120,150,126,139,1,-1,-1,-1
517,-1,745,349,190,219,1,-1,-1,-1
517,-1,984,72,87,92,1,-1,-1,-1
517,-1,872,172,91,96,1,-1,-1,-1
517,-1,1099,217,127,164,1,-1,-1,-1
517,-1,1120,150,126,139,1,-1,-1,-1
518,-1,745,349,190,219,1,-1,-1,-1
518,-1,984,72,87,92,1,-1,-1,-1
518,-1,872,172,91,96,1,-1,-1,-1
518,-1,1099,217,127,164,1,-1,-1,-1
518,-1,1120,150,126,139,1,-1,-1,-1
519,-1,745,349,190,219,1,-1,-1,-1
519,-1,984,72,87,92,1,-1,-1,-1
519,-1,872,172,91,96,1,-1,-1,-1
519,-1,1099,217,127,164,1,-1,-1,-1
519,-1,1120,150,126,139,1,-1,-1,-1
520,-1,745,349,190,219,1,-1,-1,-1
520,-1,984,72,87,92,1,-1,-1,-1
520,-1,872,172,91,96,1,-1,-1,-1
520,-1,1099,217,127,164,1,-1,-1,-1
520,-1,1120,150,126,139,1,-1,-1,-1
521,-1,658,385,217,267,1,-1,-1,-1
521,-1,1020,223,162,184,1,-1,-1,-1
521,-1,1139,146,96,112,1,-1,-1,-1
521,-1,898,172,90,113,1,-1,-1,-1
521,-1,990,58,91,93,1,-1,-1,-1
522,-1,658,385,217,267,1,-1,-1,-1
522,-1,1020,223,162,184,1,-1,-1,-1
522,-1,1139,146,96,112,1,-1,-1,-1
522,-1,898,172,90,113,1,-1,-1,-1
522,-1,990,58,91,93,1,-1,-1,-1
523,-1,658,385,217,267,1,-1,-1,-1
523,-1,1020,223,162,184,1,-1,-1,-1
523,-1,1139,146,96,112,1,-1,-1,-1
523,-1,898,172,90,113,1,-1,-1,-1
523,-1,990,58,91,93,1,-1,-1,-1
524,-1,658,385,217,267,1,-1,-1,-1
524,-1,1020,223,162,184,1,-1,-1,-1
524,-1,1139,146,96,112,1,-1,-1,-1
524,-1,898,172,90,113,1,-1,-1,-1
524,-1,990,58,91,93,1,-1,-1,-1
525,-1,658,385,217,267,1,-1,-1,-1
525,-1,1020,223,162,184,1,-1,-1,-1
525,-1,1139,146,96,112,1,-1,-1,-1
525,-1,898,172,90,113,1,-1,-1,-1
525,-1,990,58,91,93,1,-1,-1,-1
526,-1,575,392,201,244,1,-1,-1,-1
526,-1,979,67,97,96,1,-1,-1,-1
526,-1,966,204,151,193,1,-1,-1,-1
526,-1,1150,174,107,120,1,-1,-1,-1
526,-1,888,193,97,107,1,-1,-1,-1
527,-1,575,392,201,244,1,-1,-1,-1
527,-1,979,67,97,96,1,-1,-1,-1
527,-1,966,204,151,193,1,-1,-1,-1
527,-1,1150,174,107,120,1,-1,-1,-1
527,-1,888,193,97,107,1,-1,-1,-1
528,-1,575,392,201,244,1,-1,-1,-1
528,-1,979,67,97,96,1,-1,-1,-1
528,-1,966,204,151,193,1,-1,-1,-1
528,-1,1150,174,107,120,1,-1,-1,-1
528,-1,888,193,97,107,1,-1,-1,-1
529,-1,575,392,201,244,1,-1,-1,-1
529,-1,979,67,97,96,1,-1,-1,-1
529,-1,966,204,151,193,1,-1,-1,-1
529,-1,1150,174,107,120,1,-1,-1,-1
529,-1,888,193,97,107,1,-1,-1,-1
530,-1,575,392,201,244,1,-1,-1,-1
530,-1,979,67,97,96,1,-1,-1,-1
530,-1,966,204,151,193,1,-1,-1,-1
530,-1,1150,174,107,120,1,-1,-1,-1
530,-1,888,193,97,107,1,-1,-1,-1
531,-1,498,422,202,274,1,-1,-1,-1
531,-1,1173,176,110,122,1,-1,-1,-1
531,-1,889,246,181,217,1,-1,-1,-1
531,-1,955,69,95,104,1,-1,-1,-1
531,-1,849,189,96,116,1,-1,-1,-1
532,-1,498,422,202,274,1,-1,-1,-1
532,-1,1173,176,110,122,1,-1,-1,-1
532,-1,889,246,181,217,1,-1,-1,-1
532,-1,955,69,95,104,1,-1,-1,-1
532,-1,849,189,96,116,1,-1,-1,-1
533,-1,498,422,202,274,1,-1,-1,-1
533,-1,1173,176,110,122,1,-1,-1,-1
533,-1,889,246,181,217,1,-1,-1,-1
533,-1,955,69,95,104,1,-1,-1,-1
533,-1,849,189,96,116,1,-1,-1,-1
534,-1,498,422,202,274,1,-1,-1,-1
534,-1,1173,176,110,122,1,-1,-1,-1
534,-1,889,246,181,217,1,-1,-1,-1
534,-1,955,69,95,104,1,-1,-1,-1
534,-1,849,189,96,116,1,-1,-1,-1
535,-1,498,422,202,274,1,-1,-1,-1
535,-1,1173,176,110,122,1,-1,-1,-1
535,-1,889,246,181,217,1,-1,-1,-1
535,-1,955,69,95,104,1,-1,-1,-1
535,-1,849,189,96,116,1,-1,-1,-1
536,-1,450,490,220,267,1,-1,-1,-1
536,-1,955,79,75,100,1,-1,-1,-1
536,-1,1189,184,111,124,1,-1,-1,-1
536,-1,827,236,186,220,1,-1,-1,-1
537,-1,450,490,220,267,1,-1,-1,-1
537,-1,955,79,75,100,1,-1,-1,-1
537,-1,1189,184,111,124,1,-1,-1,-1
537,-1,827,236,186,220,1,-1,-1,-1
538,-1,450,490,220,267,1,-1,-1,-1
538,-1,955,79,75,100,1,-1,-1,-1
538,-1,1189,184,111,124,1,-1,-1,-1
538,-1,827,236,186,220,1,-1,-1,-1
539,-1,450,490,220,267,1,-1,-1,-1
539,-1,955,79,75,100,1,-1,-1,-1
539,-1,1189,184,111,124,1,-1,-1,-1
539,-1,827,236,186,220,1,-1,-1,-1
540,-1,450,490,220,267,1,-1,-1,-1
540,-1,955,79,75,100,1,-1,-1,-1
540,-1,1189,184,111,124,1,-1,-1,-1
540,-1,827,236,186,220,1,-1,-1,-1
541,-1,375,510,242,276,1,-1,-1,-1
541,-1,735,284,192,202,1,-1,-1,-1
541,-1,1182,207,117,137,1,-1,-1,-1
541,-1,943,81,91,105,1,-1,-1,-1
541,-1,888,227,107,124,1,-1,-1,-1
542,-1,375,510,242,276,1,-1,-1,-1
542,-1,735,284,192,202,1,-1,-1,-1
542,-1,1182,207,117,137,1,-1,-1,-1
542,-1,943,81,91,105,1,-1,-1,-1
542,-1,888,227,107,124,1,-1,-1,-1
543,-1,375,510,242,276,1,-1,-1,-1
543,-1,735,284,192,202,1,-1,-1,-1
543,-1,1182,207,117,137,1,-1,-1,-1
543,-1,943,81,91,105,1,-1,-1,-1
543,-1,888,227,107,124,1,-1,-1,-1
544,-1,375,510,242,276,1,-1,-1,-1
544,-1,735,284,192,202,1,-1,-1,-1
544,-1,1182,207,117,137,1,-1,-1,-1
544,-1,943,81,91,105,1,-1,-1,-1
544,-1,888,227,107,124,1,-1,-1,-1
545,-1,375,510,242,276,1,-1,-1,-1
545,-1,735,284,192,202,1,-1,-1,-1
545,-1,1182,207,117,137,1,-1,-1,-1
545,-1,943,81,91,105,1,-1,-1,-1
545,-1,888,227,107,124,1,-1,-1,-1
546,-1,246,566,261,316,1,-1,-1,-1
546,-1,602,287,190,237,1,-1,-1,-1
546,-1,1191,216,110,124,1,-1,-1,-1
546,-1,953,93,95,106,1,-1,-1,-1
546,-1,871,228,112,141,1,-1,-1,-1
547,-1,246,566,261,316,1,-1,-1,-1
547,-1,602,287,190,237,1,-1,-1,-1
547,-1,1191,216,110,124,1,-1,-1,-1
547,-1,953,93,95,106,1,-1,-1,-1
547,-1,871,228,112,141,1,-1,-1,-1
548,-1,246,566,261,316,1,-1,-1,-1
548,-1,602,287,190,237,1,-1,-1,-1
548,-1,1191,216,110,124,1,-1,-1,-1
548,-1,953,93,95,106,1,-1,-1,-1
548,-1,871,228,112,141,1,-1,-1,-1
549,-1,246,566,261,316,1,-1,-1,-1
549,-1,602,287,190,237,1,-1,-1,-1
549,-1,1191,216,110,124,1,-1,-1,-1
549,-1,953,93,95,106,1,-1,-1,-1
549,-1,871,228,112,141,1,-1,-1,-1
550,-1,246,566,261,316,1,-1,-1,-1
550,-1,602,287,190,237,1,-1,-1,-1
550,-1,1191,216,110,124,1,-1,-1,-1
550,-1,953,93,95,106,1,-1,-1,-1
550,-1,871,228,112,141,1,-1,-1,-1
551,-1,81,604,290,329,1,-1,-1,-1
551,-1,498,285,196,257,1,-1,-1,-1
551,-1,1195,220,135,160,1,-1,-1,-1
551,-1,848,233,132,152,1,-1,-1,-1
551,-1,957,96,92,105,1,-1,-1,-1
552,-1,81,604,290,329,1,-1,-1,-1
552,-1,498,285,196,257,1,-1,-1,-1
552,-1,1195,220,135,160,1,-1,-1,-1
552,-1,848,233,132,152,1,-1,-1,-1
552,-1,957,96,92,105,1,-1,-1,-1
553,-1,81,604,290,329,1,-1,-1,-1
553,-1,498,285,196,257,1,-1,-1,-1
553,-1,1195,220,135,160,1,-1,-1,-1
553,-1,848,233,132,152,1,-1,-1,-1
553,-1,957,96,92,105,1,-1,-1,-1
554,-1,81,604,290,329,1,-1,-1,-1
554,-1,498,285,196,257,1,-1,-1,-1
554,-1,1195,220,135,160,1,-1,-1,-1
554,-1,848,233,132,152,1,-1,-1,-1
554,-1,957,96,92,105,1,-1,-1,-1
555,-1,81,604,290,329,1,-1,-1,-1
555,-1,498,285,196,257,1,-1,-1,-1
555,-1,1195,220,135,160,1,-1,-1,-1
555,-1,848,233,132,152,1,-1,-1,-1
555,-1,957,96,92,105,1,-1,-1,-1
556,-1,0,645,286,349,1,-1,-1,-1
556,-1,388,325,205,261,1,-1,-1,-1
556,-1,798,259,130,161,1,-1,-1,-1
556,-1,1231,240,126,152,1,-1,-1,-1
556,-1,938,108,110,123,1,-1,-1,-1
557,-1,0,645,286,349,1,-1,-1,-1
557,-1,388,325,205,261,1,-1,-1,-1
557,-1,798,259,130,161,1,-1,-1,-1
557,-1,1231,240,126,152,1,-1,-1,-1
557,-1,938,108,110,123,1,-1,-1,-1
558,-1,0,645,286,349,1,-1,-1,-1
558,-1,388,325,205,261,1,-1,-1,-1
558,-1,798,259,130,161,1,-1,-1,-1
558,-1,1231,240,126,152,1,-1,-1,-1
558,-1,938,108,110,123,1,-1,-1,-1
559,-1,0,645,286,349,1,-1,-1,-1
559,-1,388,325,205,261,1,-1,-1,-1
559,-1,798,259,130,161,1,-1,-1,-1
559,-1,1231,240,126,152,1,-1,-1,-1
559,-1,938,108,110,123,1,-1,-1,-1
560,-1,0,645,286,349,1,-1,-1,-1
560,-1,388,325,205,261,1,-1,-1,-1
560,-1,798,259,130,161,1,-1,-1,-1
560,-1,1231,240,126,152,1,-1,-1,-1
560,-1,938,108,110,123,1,-1,-1,-1
561,-1,263,359,227,261,1,-1,-1,-1
561,-1,1233,240,141,171,1,-1,-1,-1
561,-1,917,111,115,124,1,-1,-1,-1
561,-1,730,236,172,187,1,-1,-1,-1
562,-1,263,359,227,261,1,-1,-1,-1
562,-1,1233,240,141,171,1,-1,-1,-1
562,-1,917,111,115,124,1,-1,-1,-1
562,-1,730,236,172,187,1,-1,-1,-1
563,-1,263,359,227,261,1,-1,-1,-1
563,-1,1233,240,141,171,1,-1,-1,-1
563,-1,917,111,115,124,1,-1,-1,-1
563,-1,730,236,172,187,1,-1,-1,-1
564,-1,263,359,227,261,1,-1,-1,-1
564,-1,1233,240,141,171,1,-1,-1,-1
564,-1,917,111,115,124,1,-1,-1,-1
564,-1,730,236,172,187,1,-1,-1,-1
565,-1,263,359,227,261,1,-1,-1,-1
565,-1,1233,240,141,171,1,-1,-1,-1
565,-1,917,111,115,124,1,-1,-1,-1
565,-1,730,236,172,187,1,-1,-1,-1
566,-1,132,357,235,284,1,-1,-1,-1
566,-1,1216,284,146,177,1,-1,-1,-1
566,-1,921,116,116,130,1,-1,-1,-1
566,-1,723,275,142,184,1,-1,-1,-1
567,-1,132,357,235,284,1,-1,-1,-1
567,-1,1216,284,146,177,1,-1,-1,-1
567,-1,921,116,116,130,1,-1,-1,-1
567,-1,723,275,142,184,1,-1,-1,-1
568,-1,132,357,235,284,1,-1,-1,-1
568,-1,1216,284,146,177,1,-1,-1,-1
568,-1,921,116,116,130,1,-1,-1,-1
568,-1,723,275,142,184,1,-1,-1,-1
569,-1,132,357,235,284,1,-1,-1,-1
569,-1,1216,284,146,177,1,-1,-1,-1
569,-1,921,116,116,130,1,-1,-1,-1
569,-1,723,275,142,184,1,-1,-1,-1
570,-1,132,357,235,284,1,-1,-1,-1
570,-1,1216,284,146,177,1,-1,-1,-1
570,-1,921,116,116,130,1,-1,-1,-1
570,-1,723,275,142,184,1,-1,-1,-1
571,-1,665,306,167,180,1,-1,-1,-1
571,-1,0,419,246,304,1,-1,-1,-1
571,-1,1187,312,142,170,1,-1,-1,-1
571,-1,927,131,127,146,1,-1,-1,-1
572,-1,665,306,167,180,1,-1,-1,-1
572,-1,0,419,246,304,1,-1,-1,-1
572,-1,1187,312,142,170,1,-1,-1,-1
572,-1,927,131,127,146,1,-1,-1,-1
573,-1,665,306,167,180,1,-1,-1,-1
573,-1,0,419,246,304,1,-1,-1,-1
573,-1,1187,312,142,170,1,-1,-1,-1
573,-1,927,131,127,146,1,-1,-1,-1
574,-1,665,306,167,180,1,-1,-1,-1
574,-1,0,419,246,304,1,-1,-1,-1
574,-1,1187,312,142,170,1,-1,-1,-1
574,-1,927,131,127,146,1,-1,-1,-1
575,-1,665,306,167,180,1,-1,-1,-1
575,-1,0,419,246,304,1,-1,-1,-1
575,-1,1187,312,142,170,1,-1,-1,-1
575,-1,927,131,127,146,1,-1,-1,-1
576,-1,584,314,175,179,1,-1,-1,-1
576,-1,938,120,135,152,1,-1,-1,-1
576,-1,1166,319,166,196,1,-1,-1,-1
577,-1,584,314,175,179,1,-1,-1,-1
577,-1,938,120,135,152,1,-1,-1,-1
577,-1,1166,319,166,196,1,-1,-1,-1
578,-1,584,314,175,179,1,-1,-1,-1
578,-1,938,120,135,152,1,-1,-1,-1
578,-1,1166,319,166,196,1,-1,-1,-1
579,-1,584,314,175,179,1,-1,-1,-1
579,-1,938,120,135,152,1,-1,-1,-1
579,-1,1166,319,166,196,1,-1,-1,-1
580,-1,584,314,175,179,1,-1,-1,-1
580,-1,938,120,135,152,1,-1,-1,-1
580,-1,1166,319,166,196,1,-1,-1,-1
581,-1,448,339,206,233,1,-1,-1,-1
581,-1,1139,382,162,186,1,-1,-1,-1
581,-1,931,155,131,157,1,-1,-1,-1
582,-1,448,339,206,233,1,-1,-1,-1
582,-1,1139,382,162,186,1,-1,-1,-1
582,-1,931,155,131,157,1,-1,-1,-1
583,-1,448,339,206,233,1,-1,-1,-1
583,-1,1139,382,162,186,1,-1,-1,-1
583,-1,931,155,131,157,1,-1,-1,-1
584,-1,448,339,206,233,1,-1,-1,-1
584,-1,1139,382,162,186,1,-1,-1,-1
584,-1,931,155,131,157,1,-1,-1,-1
585,-1,448,339,206,233,1,-1,-1,-1
585,-1,1139,382,162,186,1,-1,-1,-1
585,-1,931,155,131,157,1,-1,-1,-1
586,-1,339,323,177,233,1,-1,-1,-1
586,-1,1100,358,192,232,1,-1,-1,-1
586,-1,888,156,147,170,1,-1,-1,-1
587,-1,339,323,177,233,1,-1,-1,-1
587,-1,1100,358,192,232,1,-1,-1,-1
587,-1,888,156,147,170,1,-1,-1,-1
588,-1,339,323,177,233,1,-1,-1,-1
588,-1,1100,358,192,232,1,-1,-1,-1
588,-1,888,156,147,170,1,-1,-1,-1
589,-1,339,323,177,233,1,-1,-1,-1
589,-1,1100,358,192,232,1,-1,-1,-1
589,-1,888,156,147,170,1,-1,-1,-1
590,-1,339,323,177,233,1,-1,-1,-1
590,-1,1100,358,192,232,1,-1,-1,-1
590,-1,888,156,147,170,1,-1,-1,-1
591,-1,1025,400,226,264,1,-1,-1,-1
591,-1,238,372,190,220,1,-1,-1,-1
591,-1,872,156,160,187,1,-1,-1,-1
592,-1,1025,400,226,264,1,-1,-1,-1
592,-1,238,372,190,220,1,-1,-1,-1
592,-1,872,156,160,187,1,-1,-1,-1
593,-1,1025,400,226,264,1,-1,-1,-1
593,-1,238,372,190,220,1,-1,-1,-1
593,-1,872,156,160,187,1,-1,-1,-1
594,-1,1025,400,226,264,1,-1,-1,-1
594,-1,238,372,190,220,1,-1,-1,-1
594,-1,872,156,160,187,1,-1,-1,-1
595,-1,1025,400,226,264,1,-1,-1,-1
595,-1,238,372,190,220,1,-1,-1,-1
595,-1,872,156,160,187,1,-1,-1,-1
596,-1,158,402,197,251,1,-1,-1,-1
596,-1,938,443,216,272,1,-1,-1,-1
596,-1,877,200,155,187,1,-1,-1,-1
597,-1,158,402,197,251,1,-1,-1,-1
597,-1,938,443,216,272,1,-1,-1,-1
597,-1,877,200,155,187,1,-1,-1,-1
598,-1,158,402,197,251,1,-1,-1,-1
598,-1,938,443,216,272,1,-1,-1,-1
598,-1,877,200,155,187,1,-1,-1,-1
599,-1,158,402,197,251,1,-1,-1,-1
599,-1,938,443,216,272,1,-1,-1,-1
599,-1,877,200,155,187,1,-1,-1,-1
600,-1,158,402,197,251,1,-1,-1,-1
600,-1,938,443,216,272,1,-1,-1,-1
600,-1,877,200,155,187,1,-1,-1,-1
601,-1,28,414,212,265,1,-1,-1,-1
601,-1,846,438,240,288,1,-1,-1,-1
601,-1,873,196,165,188,1,-1,-1,-1
602,-1,28,414,212,265,1,-1,-1,-1
602,-1,846,438,240,288,1,-1,-1,-1
602,-1,873,196,165,188,1,-1,-1,-1
603,-1,28,414,212,265,1,-1,-1,-1
603,-1,846,438,240,288,1,-1,-1,-1
603,-1,873,196,165,188,1,-1,-1,-1
604,-1,28,414,212,265,1,-1,-1,-1
604,-1,846,438,240,288,1,-1,-1,-1
604,-1,873,196,165,188,1,-1,-1,-1
605,-1,28,414,212,265,1,-1,-1,-1
605,-1,846,438,240,288,1,-1,-1,-1
605,-1,873,196,165,188,1,-1,-1,-1
606,-1,761,522,261,296,1,-1,-1,-1
606,-1,826,207,185,187,1,-1,-1,-1
607,-1,761,522,261,296,1,-1,-1,-1
607,-1,826,207,185,187,1,-1,-1,-1
608,-1,761,522,261,296,1,-1,-1,-1
608,-1,826,207,185,187,1,-1,-1,-1
609,-1,761,522,261,296,1,-1,-1,-1
609,-1,826,207,185,187,1,-1,-1,-1
610,-1,761,522,261,296,1,-1,-1,-1
610,-1,826,207,185,187,1,-1,-1,-1
611,-1,746,241,175,201,1,-1,-1,-1
611,-1,663,547,282,323,1,-1,-1,-1
612,-1,746,241,175,201,1,-1,-1,-1
612,-1,663,547,282,323,1,-1,-1,-1
613,-1,746,241,175,201,1,-1,-1,-1
613,-1,663,547,282,323,1,-1,-1,-1
614,-1,746,241,175,201,1,-1,-1,-1
614,-1,663,547,282,323,1,-1,-1,-1
615,-1,746,241,175,201,1,-1,-1,-1
615,-1,663,547,282,323,1,-1,-1,-1
616,-1,659,229,190,229,1,-1,-1,-1
616,-1,520,609,295,336,1,-1,-1,-1
617,-1,659,229,190,229,1,-1,-1,-1
617,-1,520,609,295,336,1,-1,-1,-1
618,-1,659,229,190,229,1,-1,-1,-1
618,-1,520,609,295,336,1,-1,-1,-1
619,-1,659,229,190,229,1,-1,-1,-1
619,-1,520,609,295,336,1,-1,-1,-1
620,-1,659,229,190,229,1,-1,-1,-1
620,-1,520,609,295,336,1,-1,-1,-1
621,-1,576,265,207,212,1,-1,-1,-1
621,-1,265,722,381,338,1,-1,-1,-1
622,-1,576,265,207,212,1,-1,-1,-1
622,-1,265,722,381,338,1,-1,-1,-1
623,-1,576,265,207,212,1,-1,-1,-1
623,-1,265,722,381,338,1,-1,-1,-1
624,-1,576,265,207,212,1,-1,-1,-1
624,-1,265,722,381,338,1,-1,-1,-1
625,-1,576,265,207,212,1,-1,-1,-1
625,-1,265,722,381,338,1,-1,-1,-1
626,-1,520,283,207,250,1,-1,-1,-1
626,-1,81,714,342,365,1,-1,-1,-1
627,-1,520,283,207,250,1,-1,-1,-1
627,-1,81,714,342,365,1,-1,-1,-1
628,-1,520,283,207,250,1,-1,-1,-1
628,-1,81,714,342,365,1,-1,-1,-1
629,-1,520,283,207,250,1,-1,-1,-1
629,-1,81,714,342,365,1,-1,-1,-1
630,-1,520,283,207,250,1,-1,-1,-1
630,-1,81,714,342,365,1,-1,-1,-1
631,-1,442,275,192,268,1,-1,-1,-1
632,-1,442,275,192,268,1,-1,-1,-1
633,-1,442,275,192,268,1,-1,-1,-1
634,-1,442,275,192,268,1,-1,-1,-1
635,-1,442,275,192,268,1,-1,-1,-1
636,-1,285,335,251,256,1,-1,-1,-1
637,-1,285,335,251,256,1,-1,-1,-1
638,-1,285,335,251,256,1,-1,-1,-1
639,-1,285,335,251,256,1,-1,-1,-1
640,-1,285,335,251,256,1,-1,-1,-1
641,-1,114,358,246,273,1,-1,-1,-1
642,-1,114,358,246,273,1,-1,-1,-1
643,-1,114,358,246,273,1,-1,-1,-1
644,-1,114,358,246,273,1,-1,-1,-1
645,-1,114,358,246,273,1,-1,-1,-1
646,-1,0,358,281,313,1,-1,-1,-1
647,-1,0,358,281,313,1,-1,-1,-1
648,-1,0,358,281,313,1,-1,-1,-1
649,-1,0,358,281,313,1,-1,-1,-1
650,-1,0,358,281,313,1,-1,-1,-1
